Program,Task Code,Task Name,Task Type,Contract,Parent WBS,Current Planned Start,Current Planned Completed,Current Planned Duration (Days),Actual Start,Actual Completed,Actual Duration (Days),Delay (Days),Overrun (Days),Overrun (%),Current Early Start,Current Early End,Current Late Start,Current Late End,Predecessors,Successors
823B_As-built,823B-CD-20,"Date of Commencement of Works",TT_Mile,,"CONTRACTUAL DATES",25-Oct-2010,25-Oct-2010,0,25-Oct-2010,25-Oct-2010,,0,,,01-Oct-2016,01-Oct-2016,03-Mar-2014,03-Mar-2014,1,14
823B_As-built,823B-CD-30,"Completion of the Works",TT_FinMile,,"CONTRACTUAL DATES",31-Oct-2016,31-Oct-2016,0,,,,0,,,31-Oct-2016,31-Oct-2016,10-May-2015,10-May-2015,26,1
823B_As-built,823B-CD-10,"Letter of Acceptance",TT_Mile,,"CONTRACTUAL DATES",20-Oct-2010,20-Oct-2010,0,20-Oct-2010,20-Oct-2010,,0,,,01-Oct-2016,01-Oct-2016,03-Mar-2014,03-Mar-2014,0,16
823B_As-built,823B-KD-3C,"Complete the East Culvert and associated drainage connections",TT_FinMile,,"SPECIFIED PARTS OF THE WORKS",23-Mar-2013,23-Mar-2013,0,24-Mar-2013,24-Mar-2013,,1,,,01-Oct-2016,01-Oct-2016,17-Feb-2017,17-Feb-2017,26,0
823B_As-built,823B-KD-3E,"Complete all utilities, underground services and the noise barrier foundation incl backfilling within WA 4.19A, B & C",TT_FinMile,,"SPECIFIED PARTS OF THE WORKS",28-Mar-2013,28-Mar-2013,0,31-Mar-2013,31-Mar-2013,,3,,,01-Oct-2016,01-Oct-2016,17-Feb-2017,17-Feb-2017,1,0
823B_As-built,823B-KD-3F,"Complete all works for the Shek Kok Feeder Station necessary for statutory inspections",TT_FinMile,,"SPECIFIED PARTS OF THE WORKS",01-Jun-2016,01-Jun-2016,0,05-Jan-2014,05-Jan-2014,,-878,,,01-Oct-2016,01-Oct-2016,17-Feb-2017,17-Feb-2017,4,0
823B_As-built,823B-KD-3G,"Complete all works for SSS, ERS and ancillary buildings necessary for statutory inspections",TT_FinMile,,"SPECIFIED PARTS OF THE WORKS",23-Jul-2016,23-Jul-2016,0,28-Apr-2014,28-Apr-2014,,-817,,,18-Oct-2016,18-Oct-2016,17-Feb-2017,17-Feb-2017,24,0
823B_As-built,823B-KD-4A(i),"Emergency Rescue Siding (ERS) Running Tunnels Area 1-2, including backfilling",TT_FinMile,,"SPECIFIED DEGREES OF COMPLETION",01-Aug-2015,01-Aug-2015,0,27-Jan-2014,27-Jan-2014,,-551,,,01-Oct-2016,01-Oct-2016,17-Feb-2017,17-Feb-2017,30,0
823B_As-built,823B-KD-4A(ii),"Emergency Rescue Siding (ERS) Running Tunnels Area 3-5",TT_FinMile,,"SPECIFIED DEGREES OF COMPLETION",01-Aug-2015,01-Aug-2015,0,31-Mar-2013,31-Mar-2013,,-853,,,01-Oct-2016,01-Oct-2016,17-Feb-2017,17-Feb-2017,42,0
823B_As-built,823B-KD-4A(iii),"Emergency Rescue Siding (ERS) Running Tunnels Area 6-11, including backfilling",TT_FinMile,,"SPECIFIED DEGREES OF COMPLETION",01-Aug-2015,01-Aug-2015,0,06-Jan-2014,06-Jan-2014,,-572,,,01-Oct-2016,01-Oct-2016,17-Feb-2017,17-Feb-2017,58,0
823B_As-built,823B-KD-4B-1�,"Area PA1 incl RMS, RS & FBW Steel Portal excl platform slab & portal steel @ LRS, S&C Assembly storage and Loco Shed",TT_FinMile,,"SPECIFIED DEGREES OF COMPLETION",25-May-2013,25-May-2013,0,26-May-2013,26-May-2013,,1,,,01-Oct-2016,01-Oct-2016,17-Feb-2017,17-Feb-2017,35,0
823B_As-built,823B-KD-4L-3�,"Dangerous Goods Store, Train Wash Building and Train Wash Plant, and Diesel Filling Station",TT_FinMile,,"SPECIFIED DEGREES OF COMPLETION",01-Aug-2015,01-Aug-2015,0,12-Nov-2015,12-Nov-2015,,103,,,01-Oct-2016,01-Oct-2016,17-Feb-2017,17-Feb-2017,10,0
823B_As-built,823B-KD-4L-2�,"Dangerous Goods Store, Train Wash Building and Train Wash Plant, and Diesel Filling Station",TT_FinMile,,"SPECIFIED DEGREES OF COMPLETION",01-Aug-2015,01-Aug-2015,0,26-Feb-2015,26-Feb-2015,,-156,,,01-Oct-2016,01-Oct-2016,17-Feb-2017,17-Feb-2017,2,0
823B_As-built,823B-KD-4L-1�,"Dangerous Goods Store, Train Wash Building and Train Wash Plant, and Diesel Filling Station",TT_FinMile,,"SPECIFIED DEGREES OF COMPLETION",01-Aug-2015,01-Aug-2015,0,25-Aug-2013,25-Aug-2013,,-706,,,01-Oct-2016,01-Oct-2016,17-Feb-2017,17-Feb-2017,19,0
823B_As-built,823B-KD-4K-1�,"Water Pump House (WPH) and Security Operation Centre",TT_FinMile,,"SPECIFIED DEGREES OF COMPLETION",25-May-2013,25-May-2013,0,26-May-2013,26-May-2013,,1,,,01-Oct-2016,01-Oct-2016,17-Feb-2017,17-Feb-2017,13,0
823B_As-built,823B-KD-4K-2�,"Water Pump House (WPH) and Security Operation Centre",TT_FinMile,,"SPECIFIED DEGREES OF COMPLETION",28-Sep-2013,28-Sep-2013,0,29-Sep-2013,29-Sep-2013,,1,,,01-Oct-2016,01-Oct-2016,17-Feb-2017,17-Feb-2017,5,0
823B_As-built,823B-KD-4K-3�,"Water Pump House (WPH) and Security Operation Centre",TT_FinMile,,"SPECIFIED DEGREES OF COMPLETION",01-Aug-2015,01-Aug-2015,0,10-Feb-2015,10-Feb-2015,,-172,,,01-Oct-2016,01-Oct-2016,17-Feb-2017,17-Feb-2017,13,0
823B_As-built,823B-KD-4F-1�,"ERS Plant Buildings",TT_FinMile,,"SPECIFIED DEGREES OF COMPLETION",01-Aug-2015,01-Aug-2015,0,26-Aug-2014,26-Aug-2014,,-340,,,01-Oct-2016,01-Oct-2016,17-Feb-2017,17-Feb-2017,5,0
823B_As-built,823B-KD-4F-2�,"ERS Plant Buildings",TT_FinMile,,"SPECIFIED DEGREES OF COMPLETION",01-Aug-2015,01-Aug-2015,0,26-Oct-2015,26-Oct-2015,,86,,,01-Oct-2016,01-Oct-2016,17-Feb-2017,17-Feb-2017,2,0
823B_As-built,823B-KD-4F-3�,"ERS Plant Buildings",TT_FinMile,,"SPECIFIED DEGREES OF COMPLETION",01-Jun-2016,01-Jun-2016,0,28-Apr-2016,28-Apr-2016,,-34,,,01-Oct-2016,01-Oct-2016,17-Feb-2017,17-Feb-2017,2,0
823B_As-built,823B-KD-4G-1�,"Main Building",TT_FinMile,,"SPECIFIED DEGREES OF COMPLETION",28-Mar-2013,28-Mar-2013,0,31-Mar-2013,31-Mar-2013,,3,,,01-Oct-2016,01-Oct-2016,17-Feb-2017,17-Feb-2017,15,0
823B_As-built,823B-KD-4G-2�,"Main Building",TT_FinMile,,"SPECIFIED DEGREES OF COMPLETION",31-Aug-2013,31-Aug-2013,0,01-Sep-2013,01-Sep-2013,,1,,,01-Oct-2016,01-Oct-2016,17-Feb-2017,17-Feb-2017,12,0
823B_As-built,823B-KD-4G-3�,"Main Building",TT_FinMile,,"SPECIFIED DEGREES OF COMPLETION",01-May-2015,01-May-2015,0,13-Nov-2014,13-Nov-2014,,-169,,,01-Oct-2016,01-Oct-2016,17-Feb-2017,17-Feb-2017,19,0
823B_As-built,823B-KD-4H-1�,"Shek Kong Feeder Station",TT_FinMile,,"SPECIFIED DEGREES OF COMPLETION",01-Dec-2012,01-Dec-2012,0,02-Dec-2012,02-Dec-2012,,1,,,01-Oct-2016,01-Oct-2016,17-Feb-2017,17-Feb-2017,8,0
823B_As-built,823B-KD-4H-2�,"Shek Kong Feeder Station",TT_FinMile,,"SPECIFIED DEGREES OF COMPLETION",09-Mar-2013,09-Mar-2013,0,10-Mar-2013,10-Mar-2013,,1,,,01-Oct-2016,01-Oct-2016,17-Feb-2017,17-Feb-2017,4,0
823B_As-built,823B-KD-4H-3�,"Shek Kong Feeder Station",TT_FinMile,,"SPECIFIED DEGREES OF COMPLETION",08-Jun-2013,08-Jun-2013,0,09-Jun-2013,09-Jun-2013,,1,,,01-Oct-2016,01-Oct-2016,17-Feb-2017,17-Feb-2017,2,0
823B_As-built,823B-KD-4J-1�,"Infrastructure, Building Maintenance and Pway Buildings (IBP)",TT_FinMile,,"SPECIFIED DEGREES OF COMPLETION",23-Feb-2013,23-Feb-2013,0,24-Feb-2013,24-Feb-2013,,1,,,01-Oct-2016,01-Oct-2016,17-Feb-2017,17-Feb-2017,13,0
823B_As-built,823B-KD-4J-2�,"Infrastructure, Building Maintenance and Pway Buildings (IBP)",TT_FinMile,,"SPECIFIED DEGREES OF COMPLETION",27-Jul-2013,27-Jul-2013,0,28-Jul-2013,28-Jul-2013,,1,,,01-Oct-2016,01-Oct-2016,17-Feb-2017,17-Feb-2017,9,0
823B_As-built,823B-KD-4J-3�,"Infrastructure, Building Maintenance and Pway Buildings (IBP)",TT_FinMile,,"SPECIFIED DEGREES OF COMPLETION",01-Jun-2016,01-Jun-2016,0,10-Feb-2015,10-Feb-2015,,-477,,,01-Oct-2016,01-Oct-2016,17-Feb-2017,17-Feb-2017,30,0
823B_As-built,823B-KD-4B-2�,"Area PA1 incl RMS, RS & FBW Steel Portal excl platform slab & portal steel @ LRS, S&C Assembly storage and Loco Shed",TT_FinMile,,"SPECIFIED DEGREES OF COMPLETION",28-Sep-2013,28-Sep-2013,0,29-Sep-2013,29-Sep-2013,,1,,,01-Oct-2016,01-Oct-2016,17-Feb-2017,17-Feb-2017,14,0
823B_As-built,823B-KD-4B-3�,"Area PA1 incl RMS, RS & FBW Steel Portal excl platform slab & portal steel @ LRS, S&C Assembly storage and Loco Shed",TT_FinMile,,"SPECIFIED DEGREES OF COMPLETION",01-Jun-2016,01-Jun-2016,0,10-Mar-2015,10-Mar-2015,,-449,,,01-Oct-2016,01-Oct-2016,17-Feb-2017,17-Feb-2017,21,0
823B_As-built,823B-KD-4C,"Complete Approach Tunnel and the shunt neck, including backfilling",TT_FinMile,,"SPECIFIED DEGREES OF COMPLETION",04-Nov-2014,04-Nov-2014,0,31-May-2014,31-May-2014,,-157,,,01-Oct-2016,01-Oct-2016,17-Feb-2017,17-Feb-2017,42,0
823B_As-built,823B-KD-4D(i),"Shek Kong Stabling Siding (SSS) - Area PA2.1 as shown in the Annex 1 of Appendix I of the PS",TT_FinMile,,"SPECIFIED DEGREES OF COMPLETION",01-Aug-2015,01-Aug-2015,0,29-Aug-2013,29-Aug-2013,,-702,,,01-Oct-2016,01-Oct-2016,17-Feb-2017,17-Feb-2017,2,0
823B_As-built,823B-KD-4E(i),"Shek Kong Stabling Siding (SSS) - Area PA3.1 as shown in the Annex 1 of Appendix I of the PS",TT_FinMile,,"SPECIFIED DEGREES OF COMPLETION",01-Aug-2015,01-Aug-2015,0,28-Aug-2013,28-Aug-2013,,-703,,,01-Oct-2016,01-Oct-2016,17-Feb-2017,17-Feb-2017,3,0
823B_As-built,823B-KD-4D(ii),"Shek Kong Stabling Siding (SSS) - Area PA2.2 and Works Area 4.19E as shown in the Annex 1 of Appendix I of the PS",TT_FinMile,,"SPECIFIED DEGREES OF COMPLETION",01-Aug-2015,01-Aug-2015,0,19-Mar-2014,19-Mar-2014,,-500,,,01-Oct-2016,01-Oct-2016,17-Feb-2017,17-Feb-2017,4,0
823B_As-built,823B-KD-4E(ii),"Shek Kong Stabling Siding (SSS) - Area PA3.2 as shown in the Annex 1 of Appendix I of the PS",TT_FinMile,,"SPECIFIED DEGREES OF COMPLETION",01-Aug-2015,01-Aug-2015,0,04-Jan-2014,04-Jan-2014,,-574,,,01-Oct-2016,01-Oct-2016,17-Feb-2017,17-Feb-2017,14,0
823B_As-built,823B-ERS-A2-RT-1030,"Running Tunnel (Bay 7) - Plenum (1,011m� conc)",TT_Task,,"Tunnel Structure",23-May-2013,07-Jun-2013,15,04-Sep-2013,07-Oct-2013,33,104,18,120.00,01-Oct-2016,01-Oct-2016,17-Feb-2017,17-Feb-2017,1,2
823B_As-built,823B-ERS-A2-RT-1020,"Running Tunnel (Bay 7) - Wall & Roof (927m� conc)",TT_Task,,"Tunnel Structure",30-Apr-2013,22-May-2013,22,01-Aug-2013,03-Sep-2013,33,93,11,50.00,01-Oct-2016,01-Oct-2016,30-Jun-2014,30-Jun-2014,1,4
823B_As-built,823B-ERS-A2-RT-1010,"Running Tunnel (Bay 7) - WP+BS (871m� conc)",TT_Task,,"Tunnel Structure",11-Apr-2013,29-Apr-2013,18,17-Jun-2013,05-Jul-2013,18,67,0,0.00,01-Oct-2016,01-Oct-2016,30-Jun-2014,30-Jun-2014,2,2
823B_As-built,823B-ERS-A2-RT-1090,"Running Tunnel (Bay 7 & 6) - Mass Concrete (invert & walkway) (945m� conc)",TT_Task,,"Tunnel Structure",20-Jun-2013,29-Jun-2013,9,02-Oct-2013,21-Nov-2013,50,104,41,455.56,01-Oct-2016,01-Oct-2016,17-Feb-2017,17-Feb-2017,2,2
823B_As-built,823B-ERS-A2-RT-1040,"Running Tunnel (Bay 7) - Backfilling (3,536m� backfill)",TT_Task,,"Tunnel Structure",11-Jun-2013,04-Jul-2013,23,11-Nov-2013,16-Nov-2013,5,153,-18,-78.26,01-Oct-2016,01-Oct-2016,17-Feb-2017,17-Feb-2017,2,4
823B_As-built,823B-ERS-A2-RT-1070,"Running Tunnel (Bay 6) - Plenum (940m� conc)",TT_Task,,"Tunnel Structure",17-Jun-2013,29-Jun-2013,12,18-Sep-2013,24-Oct-2013,36,93,24,200.00,01-Oct-2016,01-Oct-2016,17-Feb-2017,17-Feb-2017,1,2
823B_As-built,823B-ERS-A2-RT-1060,"Running Tunnel (Bay 6) - Wall & Roof (593m� conc)",TT_Task,,"Tunnel Structure",23-May-2013,15-Jun-2013,23,13-Jul-2013,17-Sep-2013,66,51,43,186.96,01-Oct-2016,01-Oct-2016,30-Jun-2014,30-Jun-2014,2,4
823B_As-built,823B-ERS-A2-RT-1050,"Running Tunnel (Bay 6) - WP+BS (810m� conc)",TT_Task,,"Tunnel Structure",30-Apr-2013,13-May-2013,13,29-Jun-2013,12-Jul-2013,13,60,0,0.00,01-Oct-2016,01-Oct-2016,30-Jun-2014,30-Jun-2014,2,1
823B_As-built,823B-ERS-A2-RT-1080,"Running Tunnel (Bay 6) Backfilling (3,289m� backfill)",TT_Task,,"Tunnel Structure",05-Jul-2013,30-Jul-2013,25,11-Nov-2013,16-Nov-2013,5,129,-20,-80.00,01-Oct-2016,01-Oct-2016,17-Feb-2017,17-Feb-2017,2,2
823B_As-built,823B-ERS-A2-RT-1110,"Running Tunnel (Bay 10) - Pile head",TT_Task,,"Tunnel Structure",27-Apr-2013,03-May-2013,6,03-Oct-2013,08-Oct-2013,5,159,-1,-16.67,01-Oct-2016,01-Oct-2016,19-May-2014,19-May-2014,2,2
823B_As-built,823B-ERS-A2-RT-1140,"Running Tunnel (Bay 9) - Sump pit (333m� conc)",TT_Task,,"Tunnel Structure",16-May-2013,30-May-2013,14,08-Oct-2013,15-Oct-2013,7,145,-7,-50.00,01-Oct-2016,01-Oct-2016,19-May-2014,19-May-2014,2,1
823B_As-built,823B-ERS-A2-RT-1170,"Running Tunnel (Bay 10, 9, 8) - WP+ BS Rebar",TT_Task,,"Tunnel Structure",05-Jun-2013,10-Jun-2013,5,07-Nov-2013,14-Nov-2013,7,155,2,40.00,01-Oct-2016,01-Oct-2016,19-May-2014,19-May-2014,2,1
823B_As-built,823B-ERS-A2-RT-1200,"Running Tunnel (Bay 10 & 9) - Walls (8nos) (836m� conc)",TT_Task,,"Tunnel Structure",26-Jun-2013,02-Jul-2013,6,22-Nov-2013,02-Jan-2014,41,149,35,583.33,01-Oct-2016,01-Oct-2016,19-May-2014,19-May-2014,2,3
823B_As-built,823B-ERS-A2-RT-1250,"Running Tunnel (Bay 8) - Wall & Roof (517m� conc)",TT_Task,,"Tunnel Structure",03-Jul-2013,16-Jul-2013,13,18-Nov-2013,06-Dec-2013,18,138,5,38.46,01-Oct-2016,01-Oct-2016,19-May-2014,19-May-2014,1,4
823B_As-built,823B-ERS-A2-RT-1270,"Running Tunnel (Bay 8) - Backfilling (1,974m� backfill)",TT_Task,,"Tunnel Structure",03-Apr-2014,05-May-2014,32,03-Mar-2014,28-Mar-2014,25,-31,-7,-21.88,01-Oct-2016,01-Oct-2016,19-May-2014,19-May-2014,2,2
823B_As-built,823B-ERS-A2-RT-1120,"Running Tunnel (Bay 10) - Sump pit (333m� conc)",TT_Task,,"Tunnel Structure",04-May-2013,15-May-2013,11,09-Oct-2013,19-Oct-2013,10,158,-1,-9.09,01-Oct-2016,01-Oct-2016,19-May-2014,19-May-2014,1,2
823B_As-built,823B-ERS-A2-RT-1100,"Blinding, H-Pile Head, WP, Re-bar & Fwk -10.825mPD",TT_Task,,"Tunnel Structure",19-Apr-2013,26-Apr-2013,7,24-Sep-2013,02-Oct-2013,8,158,1,14.29,01-Oct-2016,01-Oct-2016,19-May-2014,19-May-2014,1,1
823B_As-built,823B-ERS-A2-RT-1130,"Running Tunnel (Bay 9) - Pile head",TT_Task,,"Tunnel Structure",04-May-2013,10-May-2013,6,02-Oct-2013,07-Oct-2013,5,151,-1,-16.67,01-Oct-2016,01-Oct-2016,19-May-2014,19-May-2014,1,2
823B_As-built,823B-ERS-A2-RT-1150,"Running Tunnel (Bay 8) - Pile head",TT_Task,,"Tunnel Structure",09-May-2013,14-May-2013,5,01-Nov-2013,06-Nov-2013,5,176,0,0.00,01-Oct-2016,01-Oct-2016,19-May-2014,19-May-2014,1,1
823B_As-built,823B-ERS-A2-RT-1160,"Running Tunnel (Bay 9 & 8) - Blinding",TT_Task,,"Tunnel Structure",31-May-2013,04-Jun-2013,4,02-Nov-2013,06-Nov-2013,4,155,0,0.00,01-Oct-2016,01-Oct-2016,19-May-2014,19-May-2014,2,1
823B_As-built,823B-ERS-A2-RT-1180,"Running Tunnel (Bay 10) - BS Conc (958m� conc)",TT_Task,,"Tunnel Structure",11-Jun-2013,18-Jun-2013,7,15-Nov-2013,21-Nov-2013,6,157,-1,-14.29,01-Oct-2016,01-Oct-2016,19-May-2014,19-May-2014,1,3
823B_As-built,823B-ERS-A2-RT-1190,"Running Tunnel (Bay 9) -  BS Conc (958m� conc)",TT_Task,,"Tunnel Structure",19-Jun-2013,25-Jun-2013,6,19-Nov-2013,25-Nov-2013,6,153,0,0.00,01-Oct-2016,01-Oct-2016,19-May-2014,19-May-2014,1,2
823B_As-built,823B-ERS-A2-RT-1240,"Running Tunnel (Bay 8) -  BS Conc (486m� conc)",TT_Task,,"Tunnel Structure",26-Jun-2013,02-Jul-2013,6,05-Nov-2013,09-Nov-2013,4,132,-2,-33.33,01-Oct-2016,01-Oct-2016,19-May-2014,19-May-2014,1,1
823B_As-built,823B-ERS-A2-RT-1210,"Running Tunnel (Bay 10) - L1 Roof Slab (383m� conc)",TT_Task,,"Tunnel Structure",03-Jul-2013,16-Jul-2013,13,03-Jan-2014,19-Feb-2014,47,184,34,261.54,01-Oct-2016,01-Oct-2016,19-May-2014,19-May-2014,1,5
823B_As-built,823B-ERS-A2-RT-1220,"Running Tunnel (Bay 9) - L1 Roof Slab (383m� conc)",TT_Task,,"Tunnel Structure",03-Jul-2013,23-Jul-2013,20,03-Jan-2014,14-Feb-2014,42,184,22,110.00,01-Oct-2016,01-Oct-2016,19-May-2014,19-May-2014,1,5
823B_As-built,823B-ERS-A2-RT-1230,"Remove Strut S4 & S5",TT_Task,,"Tunnel Structure",24-Jul-2013,30-Jul-2013,6,02-Dec-2013,07-Dec-2013,5,131,-1,-16.67,01-Oct-2016,01-Oct-2016,19-May-2014,19-May-2014,2,2
823B_As-built,823B-ERS-A2-RT-1260,"Running Tunnel (Bay 8) - Plenum (564m� conc)",TT_Task,,"Tunnel Structure",17-Jul-2013,30-Jul-2013,13,10-Feb-2014,28-Feb-2014,18,208,5,38.46,01-Oct-2016,01-Oct-2016,17-Feb-2017,17-Feb-2017,1,3
823B_As-built,823B-ERS-A2-RT-1265,"Running Tunnel (Bay 8) - Mass Concrete (invert & walkway) (287m� conc)",TT_Task,,"Tunnel Structure",29-Jul-2013,03-Aug-2013,5,20-Dec-2013,28-Dec-2013,8,144,3,60.00,01-Oct-2016,01-Oct-2016,17-Feb-2017,17-Feb-2017,1,2
823B_As-built,823B-ERS-A2-RT-1095,"Running Tunnel (Bay 7 & 6) - Cable bracket installation",TT_Task,,"Tunnel Structure",01-Apr-2014,25-Apr-2014,24,01-Apr-2014,25-Apr-2014,24,0,0,0.00,01-Oct-2016,01-Oct-2016,17-Feb-2017,17-Feb-2017,1,2
823B_As-built,823B-ERS-A2-RT-1225,"Running Tunnel (Bay 9 & 10) - Cable bracket installation",TT_Task,,"Tunnel Structure",01-Apr-2014,12-Apr-2014,11,01-Apr-2014,12-Apr-2014,11,0,0,0.00,01-Oct-2016,01-Oct-2016,17-Feb-2017,17-Feb-2017,2,2
823B_As-built,823B-ERS-A2-RT-1267,"Running Tunnel (Bay 8) - Cable bracket installation",TT_Task,,"Tunnel Structure",01-Apr-2014,08-Apr-2014,7,01-Apr-2014,08-Apr-2014,7,0,0,0.00,01-Oct-2016,01-Oct-2016,17-Feb-2017,17-Feb-2017,1,2
823B_As-built,823B-ERS-A2-RT-1226,"Running Tunnel (Bay 10 & 9) - Mass Concrete (invert & walkway)",TT_Task,,"Tunnel Structure",17-Jul-2013,03-Aug-2013,17,23-Dec-2013,08-Jan-2014,16,159,-1,-5.88,01-Oct-2016,01-Oct-2016,17-Feb-2017,17-Feb-2017,2,2
823B_As-built,823B-ERS-A2-PBN-1010,"SPN Superstructure - Column (16 nos) (374m� conc)",TT_Task,,"Plant Building North",01-Mar-2014,07-Mar-2014,6,01-Mar-2014,15-Apr-2014,45,0,39,650.00,01-Oct-2016,01-Oct-2016,19-May-2014,19-May-2014,1,2
823B_As-built,823B-ERS-A2-PBN-1040,"SPN Superstructure - Removal of Strut S2 & S3",TT_Task,,"Plant Building North",22-May-2014,28-May-2014,6,19-May-2014,24-May-2014,5,-3,-1,-16.67,01-Oct-2016,01-Oct-2016,19-May-2014,19-May-2014,2,2
823B_As-built,823B-ERS-A2-PBN-1050,"SPN Superstructure - External Wall +20.8mPD (96m� conc)",TT_Task,,"Plant Building North",29-May-2014,14-Jun-2014,16,26-May-2014,03-Sep-2014,100,-3,84,525.00,01-Oct-2016,01-Oct-2016,19-May-2014,19-May-2014,1,1
823B_As-built,823B-ERS-A2-PBN-1020,"SPN Superstructure - Roof Slab @ +13.475mPD (over Bay 10) (639m� conc)",TT_Task,,"Plant Building North",07-Apr-2014,23-Apr-2014,16,16-Apr-2014,17-May-2014,31,9,15,93.75,01-Oct-2016,01-Oct-2016,19-May-2014,19-May-2014,1,1
823B_As-built,823B-ERS-A2-PBN-1030,"SPN Superstructure - Roof Slab  @ +13.475mPD (over Bay 9) (639m� conc)",TT_Task,,"Plant Building North",07-Apr-2014,28-Apr-2014,21,16-Apr-2014,15-May-2014,29,9,8,38.10,01-Oct-2016,01-Oct-2016,19-May-2014,19-May-2014,1,1
823B_As-built,823B-ERS-A2-PBN-1060,"SPN Superstructure - Columns (22nos) (87m� conc)",TT_Task,,"Plant Building North",09-Jun-2014,17-Jun-2014,8,09-Jun-2014,02-Sep-2014,85,0,77,962.50,01-Oct-2016,01-Oct-2016,19-May-2014,19-May-2014,1,1
823B_As-built,823B-ERS-A2-PBN-1070,"SPN Superstructure - Roof Slab  @ +20.8mPD (over Bay 10) (174m� conc)",TT_Task,,"Plant Building North",08-Aug-2014,23-Aug-2014,15,08-Aug-2014,05-Sep-2014,28,0,13,86.67,01-Oct-2016,01-Oct-2016,19-May-2014,19-May-2014,1,2
823B_As-built,823B-ERS-A2-PBN-1080,"SPN Superstructure - Roof Slab  @ +20.8mPD (over Bay 9) (174m� conc)",TT_Task,,"Plant Building North",25-Aug-2014,30-Aug-2014,5,08-Aug-2014,05-Sep-2014,28,-17,23,460.00,01-Oct-2016,01-Oct-2016,19-May-2014,19-May-2014,2,2
823B_As-built,823B-ERS-A2-PBN-1090,"SPN Superstructure - External Wall +28.2mPD (38m� conc)",TT_Task,,"Plant Building North",10-Sep-2014,23-Sep-2014,13,29-Sep-2014,31-Oct-2014,32,19,19,146.15,01-Oct-2016,01-Oct-2016,21-Sep-2014,21-Sep-2014,1,1
823B_As-built,823B-ERS-A2-PBN-1100,"SPN Superstructure - Beam & Roof (174m� conc)",TT_Task,,"Plant Building North",01-Dec-2014,06-Dec-2014,5,01-Nov-2014,14-Nov-2014,13,-30,8,160.00,01-Oct-2016,01-Oct-2016,21-Sep-2014,21-Sep-2014,1,3
823B_As-built,823B-ERS-A2-PBN-2000,"SPN - ABWF (Degree 1 completion - blockwork, wet trade, water tight, civil&bldg provision for DC, etc.)",TT_Task,,"ABWF Works",06-Sep-2014,09-Oct-2014,33,19-Sep-2014,01-Dec-2014,73,13,40,121.21,01-Oct-2016,01-Oct-2016,19-May-2014,19-May-2014,3,5
823B_As-built,823B-ERS-A2-PBN-3000,"SPN - ABWF (Degree 2 completion - permanent door frame, Wall, floor, ceiling to DC rooms, etc)",TT_Task,,"ABWF Works",13-Dec-2014,15-Apr-2015,123,02-Dec-2014,26-Feb-2015,86,-11,-37,-30.08,01-Oct-2016,01-Oct-2016,19-May-2014,19-May-2014,1,3
823B_As-built,823B-ERS-A2-PBN-4000,"SPN - ABWF (Degree 3 completion - door ironmongery, signage, louvre, painting, etc.)",TT_Task,,"ABWF Works",27-Feb-2015,28-Apr-2015,60,27-Feb-2015,02-Sep-2015,187,0,127,211.67,01-Oct-2016,01-Oct-2016,23-Sep-2014,23-Sep-2014,1,2
823B_As-built,823B-ERS-A2-ELS-1030,"Bulk excavation Stage A (+9.5mPD) (3,050m�)",TT_Task,,"ELS Works",31-Dec-2012,05-Jan-2013,5,12-Dec-2012,04-Jan-2013,23,-19,18,360.00,01-Oct-2016,01-Oct-2016,19-May-2014,19-May-2014,3,1
823B_As-built,823B-ERS-A2-ELS-1120,"Bulk excavation (-7.5mPD) (8,900m�)",TT_Task,,"ELS Works",23-Mar-2013,08-Apr-2013,16,20-May-2013,25-Jul-2013,66,58,50,312.50,01-Oct-2016,01-Oct-2016,19-May-2014,19-May-2014,2,1
823B_As-built,823B-ERS-A2-ELS-1140,"Bulk excavation (-9.5mPD) (1,400m�)",TT_Task,,"ELS Works",16-Apr-2013,22-Apr-2013,6,07-Aug-2013,02-Sep-2013,26,113,20,333.33,01-Oct-2016,01-Oct-2016,19-May-2014,19-May-2014,1,2
823B_As-built,823B-ERS-A2-ELS-1020,"Bulk excavation Stage 1 (+9.5mPD) (828m�)",TT_Task,,"ELS Works",13-Dec-2012,21-Dec-2012,8,10-Dec-2012,11-Dec-2012,1,-3,-7,-87.50,01-Oct-2016,01-Oct-2016,19-May-2014,19-May-2014,4,2
823B_As-built,823B-ERS-A2-ELS-1160,"Earthing Mat @ Bay 7 & 6",TT_Task,,"ELS Works",23-Mar-2013,08-Apr-2013,16,01-Jun-2013,11-Jun-2013,10,70,-6,-37.50,01-Oct-2016,01-Oct-2016,30-Jun-2014,30-Jun-2014,2,3
823B_As-built,823B-ERS-A2-ELS-1040,"S1 Strut",TT_Task,,"ELS Works",07-Jan-2013,19-Jan-2013,12,18-Dec-2012,29-Dec-2012,11,-20,-1,-8.33,01-Oct-2016,01-Oct-2016,19-May-2014,19-May-2014,1,2
823B_As-built,823B-ERS-A2-ELS-1050,"Bulk excavation Stage 2 (+5.0mPD) (16,163m�)",TT_Task,,"ELS Works",10-Jan-2013,29-Jan-2013,19,14-Jan-2013,13-Apr-2013,89,4,70,368.42,01-Oct-2016,01-Oct-2016,19-May-2014,19-May-2014,3,1
823B_As-built,823B-ERS-A2-ELS-1060,"S2 Waling & Strut",TT_Task,,"ELS Works",21-Jan-2013,05-Feb-2013,15,19-Jan-2013,30-Mar-2013,70,-2,55,366.67,01-Oct-2016,01-Oct-2016,19-May-2014,19-May-2014,2,2
823B_As-built,823B-ERS-A2-ELS-1070,"Bulk excavation Stage 3 (+0.5mPD) (13,914m�)",TT_Task,,"ELS Works",06-Feb-2013,22-Feb-2013,16,18-Mar-2013,07-Jun-2013,81,40,65,406.25,01-Oct-2016,01-Oct-2016,19-May-2014,19-May-2014,2,3
823B_As-built,823B-ERS-A2-ELS-1080,"S3 Waling & Strut",TT_Task,,"ELS Works",21-Feb-2013,09-Mar-2013,16,28-Mar-2013,15-Jun-2013,79,35,63,393.75,01-Oct-2016,01-Oct-2016,19-May-2014,19-May-2014,2,1
823B_As-built,823B-ERS-A2-ELS-1090,"Bulk excavation Stage 4 (-3.5mPD) (13,145m�)",TT_Task,,"ELS Works",26-Feb-2013,11-Mar-2013,13,15-Apr-2013,15-Jun-2013,61,48,48,369.23,01-Oct-2016,01-Oct-2016,19-May-2014,19-May-2014,1,2
823B_As-built,823B-ERS-A2-ELS-1100,"S4 Waling & Strut",TT_Task,,"ELS Works",12-Mar-2013,22-Mar-2013,10,29-Apr-2013,22-Jun-2013,54,48,44,440.00,01-Oct-2016,01-Oct-2016,19-May-2014,19-May-2014,2,3
823B_As-built,823B-ERS-A2-ELS-1110,"Bulk excavation Stage 5 (-6.0mPD) (4,621m�)",TT_Task,,"ELS Works",13-Mar-2013,18-Mar-2013,5,06-May-2013,18-May-2013,12,54,7,140.00,01-Oct-2016,01-Oct-2016,19-May-2014,19-May-2014,2,3
823B_As-built,823B-ERS-A2-ELS-1130,"S6 & S7 Strut",TT_Task,,"ELS Works",09-Apr-2013,15-Apr-2013,6,22-Jul-2013,06-Aug-2013,15,104,9,150.00,01-Oct-2016,01-Oct-2016,19-May-2014,19-May-2014,1,1
823B_As-built,823B-ERS-A2-ELS-1150,"S7 Strut",TT_Task,,"ELS Works",23-Apr-2013,26-Apr-2013,3,03-Sep-2013,06-Sep-2013,3,133,0,0.00,01-Oct-2016,01-Oct-2016,19-May-2014,19-May-2014,1,1
823B_As-built,823B-ERS-A2-ELS-1010,"Excavation (4,804m�)",TT_Task,,"ELS Works",10-Oct-2012,30-Nov-2012,51,10-Oct-2012,30-Nov-2012,51,0,0,0.00,01-Oct-2016,01-Oct-2016,17-Feb-2017,17-Feb-2017,4,0
823B_As-built,823B-ERS-A2-DW-1010,"D-wall construction completed (incl socket H-pile) (12,158m� conc)",TT_Task,,"D-Wall Construction",11-Feb-2011,30-Oct-2012,627,11-Feb-2011,30-Oct-2012,627,0,0,0.00,01-Oct-2016,01-Oct-2016,19-May-2014,19-May-2014,13,7
823B_As-built,823B-ERS-A2-DW-1020,"Socketed H-Pile (P7E)",TT_Task,,"D-Wall Construction",30-Jul-2012,24-Nov-2012,117,30-Jul-2012,24-Nov-2012,117,0,0,0.00,01-Oct-2016,01-Oct-2016,19-May-2014,19-May-2014,0,1
823B_As-built,823B-ERS-A2-DW-1070,"Bridge #7",TT_Task,,"D-Wall Construction",28-Nov-2012,09-Jan-2013,42,28-Nov-2012,09-Jan-2013,42,0,0,0.00,01-Oct-2016,01-Oct-2016,19-May-2014,19-May-2014,1,4
823B_As-built,823B-ERS-A2-DW-1030,"Additional H-Pile",TT_Task,,"D-Wall Construction",01-Dec-2012,07-Dec-2012,6,01-Dec-2012,07-Dec-2012,6,0,0,0.00,01-Oct-2016,01-Oct-2016,19-May-2014,19-May-2014,1,1
823B_As-built,823B-ERS-A2-DW-1060,"Site/Area preparation for Bridge #7 works",TT_Task,,"D-Wall Construction",12-Nov-2012,27-Nov-2012,15,12-Nov-2012,27-Nov-2012,15,0,0,0.00,01-Oct-2016,01-Oct-2016,19-May-2014,19-May-2014,0,1
823B_As-built,823B-ERS-A2-DW-1040,"BD Pile selection",TT_Task,,"D-Wall Construction",08-Dec-2012,15-Dec-2012,7,08-Dec-2012,15-Dec-2012,7,0,0,0.00,01-Oct-2016,01-Oct-2016,19-May-2014,19-May-2014,1,1
823B_As-built,823B-ERS-A2-DW-1050,"Pile Loading Test",TT_Task,,"D-Wall Construction",16-Dec-2012,29-Dec-2012,13,16-Dec-2012,29-Dec-2012,13,0,0,0.00,01-Oct-2016,01-Oct-2016,19-May-2014,19-May-2014,1,1
823B_As-built,823B-ERS-A2-RT-2010,"Running Tunnel (Bay 11) - Pile head",TT_Task,,"Tunnel Structure",28-Mar-2013,08-Apr-2013,11,02-Oct-2013,08-Oct-2013,6,188,-5,-45.45,01-Oct-2016,01-Oct-2016,30-Jun-2014,30-Jun-2014,3,1
823B_As-built,823B-ERS-A2-RT-2020,"Running Tunnel (Bay 11) - WP+BS+Columns+Platform (515m� conc)",TT_Task,,"Tunnel Structure",09-Apr-2013,11-May-2013,32,09-Oct-2013,19-Dec-2013,71,183,39,121.88,01-Oct-2016,01-Oct-2016,30-Jun-2014,30-Jun-2014,1,2
823B_As-built,823B-ERS-A2-RT-2040,"Running Tunnel (Bay 11) - Staircase (110m� conc)",TT_Task,,"Tunnel Structure",21-May-2013,22-Jun-2013,32,30-Dec-2013,07-Mar-2014,67,223,35,109.38,01-Oct-2016,01-Oct-2016,17-Feb-2017,17-Feb-2017,1,4
823B_As-built,823B-ERS-A2-RT-2090,"Running Tunnel (Bay 11 & 12) - Mass Concrete (invert & walkway) (282m� conc)",TT_Task,,"Tunnel Structure",26-Jul-2013,01-Aug-2013,6,11-Nov-2013,02-Dec-2013,21,108,15,250.00,01-Oct-2016,01-Oct-2016,17-Feb-2017,17-Feb-2017,4,4
823B_As-built,823B-ERS-A2-RT-2100,"Running Tunnel (Bay 11 & 12) -  Steel frame installation",TT_Task,,"Tunnel Structure",21-Mar-2014,08-May-2014,48,25-Nov-2013,31-Jul-2014,248,-116,200,416.67,01-Oct-2016,01-Oct-2016,10-May-2015,10-May-2015,3,2
823B_As-built,823B-ERS-A2-RT-2030,"Running Tunnel (Bay 11) - Remove Strut S1, RB, KP",TT_Task,,"Tunnel Structure",13-May-2013,20-May-2013,7,20-Dec-2013,28-Dec-2013,8,221,1,14.29,01-Oct-2016,01-Oct-2016,30-Jun-2014,30-Jun-2014,1,4
823B_As-built,823B-ERS-A2-RT-2050,"Running Tunnel (Bay 12) - Pile head",TT_Task,,"Tunnel Structure",09-Apr-2013,15-Apr-2013,6,02-Oct-2013,08-Oct-2013,6,176,0,0.00,01-Oct-2016,01-Oct-2016,30-Jun-2014,30-Jun-2014,1,1
823B_As-built,823B-ERS-A2-RT-2060,"Running Tunnel (Bay 12) - WP+BS+Columns+Platform (750m� conc)",TT_Task,,"Tunnel Structure",16-Apr-2013,20-May-2013,34,09-Oct-2013,14-Dec-2013,66,176,32,94.12,01-Oct-2016,01-Oct-2016,30-Jun-2014,30-Jun-2014,1,2
823B_As-built,823B-ERS-A2-RT-2070,"Running Tunnel (Bay 12) - Remove Strut S1, RB, KP",TT_Task,,"Tunnel Structure",21-May-2013,27-May-2013,6,25-Nov-2013,30-Nov-2013,5,188,-1,-16.67,01-Oct-2016,01-Oct-2016,30-Jun-2014,30-Jun-2014,1,4
823B_As-built,823B-ERS-A2-RT-2080,"Running Tunnel (Bay 12) - Staircase (126m� conc)",TT_Task,,"Tunnel Structure",24-Jun-2013,26-Jul-2013,32,16-Dec-2013,18-Mar-2014,92,175,60,187.50,01-Oct-2016,01-Oct-2016,17-Feb-2017,17-Feb-2017,2,4
823B_As-built,823B-ERS-A2-RT-2110,"Running Tunnel (Bay 11 & 12) -  Noise absorption panels",TT_Task,,"Tunnel Structure",01-Sep-2014,15-Sep-2014,14,02-Jan-2014,09-Oct-2014,280,-242,266,1900.00,01-Oct-2016,01-Oct-2016,10-May-2015,10-May-2015,1,1
823B_As-built,823B-ERS-A2-RT-2085,"Running Tunnel (Bay 11 & 12) - Cable bracket installation",TT_Task,,"Tunnel Structure",15-Jul-2013,03-Aug-2013,19,23-Dec-2013,28-Dec-2013,5,161,-14,-73.68,01-Oct-2016,01-Oct-2016,17-Feb-2017,17-Feb-2017,2,1
823B_As-built,823B-ERS-A2-ELS-2010,"Capping Beam Westside",TT_Task,,"ELS Works",07-Nov-2012,09-Nov-2012,2,07-Nov-2012,09-Nov-2012,2,0,0,0.00,01-Oct-2016,01-Oct-2016,19-May-2014,19-May-2014,0,2
823B_As-built,823B-ERS-A2-ELS-2020,"Capping Beam Eastside",TT_Task,,"ELS Works",01-Dec-2012,03-Dec-2012,2,01-Dec-2012,03-Dec-2012,2,0,0,0.00,01-Oct-2016,01-Oct-2016,19-May-2014,19-May-2014,1,2
823B_As-built,823B-ERS-A2-ELS-2130,"Rock Excavation (1,213m�)",TT_Task,,"ELS Works",28-Mar-2013,08-Apr-2013,11,09-Sep-2013,14-Sep-2013,5,165,-6,-54.55,01-Oct-2016,01-Oct-2016,30-Jun-2014,30-Jun-2014,1,2
823B_As-built,823B-ERS-A2-ELS-2030,"Bulk Excavation +12.1mPD (1,213m�)",TT_Task,,"ELS Works",21-Jan-2013,26-Jan-2013,5,21-Jan-2013,26-Jan-2013,5,0,0,0.00,01-Oct-2016,01-Oct-2016,30-Jun-2014,30-Jun-2014,2,2
823B_As-built,823B-ERS-A2-ELS-2040,"Expose coupler",TT_Task,,"ELS Works",28-Jan-2013,05-Feb-2013,8,28-Jan-2013,05-Feb-2013,8,0,0,0.00,01-Oct-2016,01-Oct-2016,30-Jun-2014,30-Jun-2014,1,2
823B_As-built,823B-ERS-A2-ELS-2050,"Runner Beam",TT_Task,,"ELS Works",31-Jan-2013,09-Feb-2013,9,31-Jan-2013,09-Feb-2013,9,0,0,0.00,01-Oct-2016,01-Oct-2016,30-Jun-2014,30-Jun-2014,1,1
823B_As-built,823B-ERS-A2-ELS-2060,"Concrete Strut S1 (313m� conc)",TT_Task,,"ELS Works",28-Jan-2013,05-Feb-2013,8,28-Jan-2013,02-May-2013,94,0,86,1075.00,01-Oct-2016,01-Oct-2016,30-Jun-2014,30-Jun-2014,2,2
823B_As-built,823B-ERS-A2-ELS-2070,"Bulk Excavation +4.225mPD (2,022m�)",TT_Task,,"ELS Works",06-Feb-2013,20-Feb-2013,14,04-Mar-2013,02-Jul-2013,120,26,106,757.14,01-Oct-2016,01-Oct-2016,30-Jun-2014,30-Jun-2014,2,1
823B_As-built,823B-ERS-A2-ELS-2080,"Concrete Strut S2 (457m� conc)",TT_Task,,"ELS Works",21-Feb-2013,02-Mar-2013,9,09-Mar-2013,20-Jul-2013,133,16,124,1377.78,01-Oct-2016,01-Oct-2016,30-Jun-2014,30-Jun-2014,1,2
823B_As-built,823B-ERS-A2-ELS-2090,"Columns (between Conc Strut S1 & S2) (14m� conc)",TT_Task,,"ELS Works",27-Feb-2013,09-Mar-2013,10,01-Aug-2013,12-Aug-2013,11,155,1,10.00,01-Oct-2016,01-Oct-2016,30-Jun-2014,30-Jun-2014,1,1
823B_As-built,823B-ERS-A2-ELS-2100,"Bulk Excavation -1.5mPD (2,426m�)",TT_Task,,"ELS Works",25-Feb-2013,09-Mar-2013,12,03-Jul-2013,12-Aug-2013,40,128,28,233.33,01-Oct-2016,01-Oct-2016,30-Jun-2014,30-Jun-2014,1,1
823B_As-built,823B-ERS-A2-ELS-2110,"S1 Strut",TT_Task,,"ELS Works",11-Mar-2013,23-Mar-2013,12,02-Sep-2013,07-Sep-2013,5,175,-7,-58.33,01-Oct-2016,01-Oct-2016,30-Jun-2014,30-Jun-2014,2,1
823B_As-built,823B-ERS-A2-ELS-2120,"Bulk Excavation -5.7mPD (1,618m�)",TT_Task,,"ELS Works",19-Mar-2013,27-Mar-2013,8,02-Sep-2013,07-Sep-2013,5,167,-3,-37.50,01-Oct-2016,01-Oct-2016,30-Jun-2014,30-Jun-2014,1,2
823B_As-built,823B-ERS-A2-ELS-3010,"Capping Beam Westside",TT_Task,,"ELS Works",10-Nov-2012,13-Nov-2012,3,10-Nov-2012,13-Nov-2012,3,0,0,0.00,01-Oct-2016,01-Oct-2016,19-May-2014,19-May-2014,1,2
823B_As-built,823B-ERS-A2-ELS-3020,"Expose coupler",TT_Task,,"ELS Works",26-Nov-2012,08-Dec-2012,12,26-Nov-2012,08-Dec-2012,12,0,0,0.00,01-Oct-2016,01-Oct-2016,19-May-2014,19-May-2014,0,1
823B_As-built,823B-ERS-A2-ELS-3030,"Capping Beam Eastside",TT_Task,,"ELS Works",04-Dec-2012,10-Dec-2012,6,04-Dec-2012,10-Dec-2012,6,0,0,0.00,01-Oct-2016,01-Oct-2016,19-May-2014,19-May-2014,2,2
823B_As-built,823B-ERS-A2-ELS-3040,"Backfilling+Falsework",TT_Task,,"ELS Works",06-Feb-2013,18-Feb-2013,12,02-Nov-2012,10-Nov-2012,8,-96,-4,-33.33,01-Oct-2016,01-Oct-2016,30-Jun-2014,30-Jun-2014,2,3
823B_As-built,823B-ERS-A2-ELS-3050,"Bulk Excavation +12.5mPD (1,213m�)",TT_Task,,"ELS Works",19-Feb-2013,25-Feb-2013,6,12-Nov-2012,17-Nov-2012,5,-99,-1,-16.67,01-Oct-2016,01-Oct-2016,30-Jun-2014,30-Jun-2014,1,2
823B_As-built,823B-ERS-A2-ELS-3060,"Runner beam",TT_Task,,"ELS Works",19-Feb-2013,05-Mar-2013,14,12-Nov-2012,26-Nov-2012,14,-99,0,0.00,01-Oct-2016,01-Oct-2016,30-Jun-2014,30-Jun-2014,1,1
823B_As-built,823B-ERS-A2-ELS-3070,"Concrete Strut S1 (498m� conc)",TT_Task,,"ELS Works",26-Feb-2013,07-Mar-2013,9,15-Apr-2013,09-Aug-2013,116,48,107,1188.89,01-Oct-2016,01-Oct-2016,30-Jun-2014,30-Jun-2014,3,1
823B_As-built,823B-ERS-A2-ELS-3080,"Bulk Excavation +4.225mPD (1,213m�)",TT_Task,,"ELS Works",08-Mar-2013,14-Mar-2013,6,12-Nov-2012,10-Aug-2013,271,-116,265,4416.67,01-Oct-2016,01-Oct-2016,30-Jun-2014,30-Jun-2014,1,1
823B_As-built,823B-ERS-A2-ELS-3090,"Expose coupler",TT_Task,,"ELS Works",15-Mar-2013,18-Mar-2013,3,22-Apr-2013,17-Jun-2013,56,38,53,1766.67,01-Oct-2016,01-Oct-2016,30-Jun-2014,30-Jun-2014,1,1
823B_As-built,823B-ERS-A2-ELS-3100,"Runner beam",TT_Task,,"ELS Works",19-Mar-2013,20-Mar-2013,1,25-Apr-2013,18-Jun-2013,54,37,53,5300.00,01-Oct-2016,01-Oct-2016,30-Jun-2014,30-Jun-2014,1,1
823B_As-built,823B-ERS-A2-ELS-3110,"Concrete Strut S2 (727m� conc)",TT_Task,,"ELS Works",21-Mar-2013,03-Apr-2013,13,19-Jun-2013,16-Aug-2013,58,90,45,346.15,01-Oct-2016,01-Oct-2016,30-Jun-2014,30-Jun-2014,1,1
823B_As-built,823B-ERS-A2-ELS-3120,"Columns (between Conc Strut S1 & S2) (19m� conc)",TT_Task,,"ELS Works",28-Mar-2013,08-Apr-2013,11,12-Aug-2013,17-Aug-2013,5,137,-6,-54.55,01-Oct-2016,01-Oct-2016,30-Jun-2014,30-Jun-2014,1,1
823B_As-built,823B-ERS-A2-ELS-3130,"Bulk Excavation -1.5mPD (2,629m�)",TT_Task,,"ELS Works",09-Apr-2013,23-Apr-2013,14,24-Dec-2012,30-Aug-2013,249,-106,235,1678.57,01-Oct-2016,01-Oct-2016,30-Jun-2014,30-Jun-2014,1,1
823B_As-built,823B-ERS-A2-ELS-3140,"S1 Strut",TT_Task,,"ELS Works",12-Apr-2013,25-Apr-2013,13,31-Aug-2013,02-Sep-2013,2,141,-11,-84.62,01-Oct-2016,01-Oct-2016,30-Jun-2014,30-Jun-2014,1,1
823B_As-built,823B-ERS-A2-ELS-3150,"Bulk Excavation -5.7mPD (2,224m�)",TT_Task,,"ELS Works",26-Apr-2013,09-May-2013,13,03-Sep-2013,14-Sep-2013,11,130,-2,-15.38,01-Oct-2016,01-Oct-2016,30-Jun-2014,30-Jun-2014,1,3
823B_As-built,823B-ERS-A2-RT-3010,"Running Tunnel (Bay 13) - Pile head",TT_Task,,"Tunnel Structure",10-May-2013,16-May-2013,6,02-Oct-2013,08-Oct-2013,6,145,0,0.00,01-Oct-2016,01-Oct-2016,30-Jun-2014,30-Jun-2014,3,2
823B_As-built,823B-ERS-A2-RT-3060,"Running Tunnel (Bay 14) - Remove Strut S1, RB, KP",TT_Task,,"Tunnel Structure",27-Jun-2013,04-Jul-2013,7,12-Nov-2013,18-Nov-2013,6,138,-1,-14.29,01-Oct-2016,01-Oct-2016,30-Jun-2014,30-Jun-2014,1,5
823B_As-built,823B-ERS-A2-RT-3070,"Running Tunnel (Bay 15) - Pile head",TT_Task,,"Tunnel Structure",10-May-2013,16-May-2013,6,02-Oct-2013,08-Oct-2013,6,145,0,0.00,01-Oct-2016,01-Oct-2016,30-Jun-2014,30-Jun-2014,1,1
823B_As-built,823B-ERS-A2-RT-3120,"Running Tunnel (Bay 13 to 15) - Mass Concrete (invert & walkway) (559m� conc)",TT_Task,,"Tunnel Structure",26-Jul-2013,03-Aug-2013,8,01-Nov-2013,14-Dec-2013,43,98,35,437.50,01-Oct-2016,01-Oct-2016,17-Feb-2017,17-Feb-2017,4,2
823B_As-built,823B-ERS-A2-RT-3080,"Running Tunnel (Bay 15) - WP+BS+Columns+Platform (750m� conc)",TT_Task,,"Tunnel Structure",18-May-2013,20-Jun-2013,33,09-Oct-2013,14-Nov-2013,36,144,3,9.09,01-Oct-2016,01-Oct-2016,30-Jun-2014,30-Jun-2014,1,2
823B_As-built,823B-ERS-A2-RT-3090,"Running Tunnel (Bay 15) - Remove Strut S1, RB, KP",TT_Task,,"Tunnel Structure",21-Jun-2013,27-Jun-2013,6,21-Nov-2013,27-Nov-2013,6,153,0,0.00,01-Oct-2016,01-Oct-2016,30-Jun-2014,30-Jun-2014,1,5
823B_As-built,823B-ERS-A2-RT-3020,"Running Tunnel (Bay 13) - WP+BS+Columns+Platform (750m� conc)",TT_Task,,"Tunnel Structure",18-May-2013,20-Jun-2013,33,09-Oct-2013,26-Nov-2013,48,144,15,45.45,01-Oct-2016,01-Oct-2016,30-Jun-2014,30-Jun-2014,1,1
823B_As-built,823B-ERS-A2-RT-3030,"Running Tunnel (Bay 13) - Remove Strut S1, RB, KP",TT_Task,,"Tunnel Structure",21-Jun-2013,27-Jun-2013,6,21-Nov-2013,27-Nov-2013,6,153,0,0.00,01-Oct-2016,01-Oct-2016,30-Jun-2014,30-Jun-2014,1,5
823B_As-built,823B-ERS-A2-RT-3040,"Running Tunnel (Bay 14) - Pile head",TT_Task,,"Tunnel Structure",18-May-2013,23-May-2013,5,26-Sep-2013,02-Oct-2013,6,131,1,20.00,01-Oct-2016,01-Oct-2016,30-Jun-2014,30-Jun-2014,2,1
823B_As-built,823B-ERS-A2-RT-3050,"Running Tunnel (Bay 14) - WP+BS+Columns+Platform (750m� conc)",TT_Task,,"Tunnel Structure",24-May-2013,26-Jun-2013,33,03-Oct-2013,19-Nov-2013,47,132,14,42.42,01-Oct-2016,01-Oct-2016,30-Jun-2014,30-Jun-2014,1,1
823B_As-built,823B-ERS-A2-RT-3130,"Running Tunnel (Bay 13 to 14) - Steel frame installation",TT_Task,,"Tunnel Structure",09-May-2014,20-Jun-2014,42,21-Oct-2013,07-Jun-2014,229,-200,187,445.24,01-Oct-2016,01-Oct-2016,10-May-2015,10-May-2015,5,2
823B_As-built,823B-ERS-A2-RT-3140,"Running Tunnel (Bay 13 to 14) - Noise absorption panels",TT_Task,,"Tunnel Structure",16-Sep-2014,29-Sep-2014,13,02-Jan-2014,14-Jun-2014,163,-257,150,1153.85,01-Oct-2016,01-Oct-2016,10-May-2015,10-May-2015,2,1
823B_As-built,823B-ERS-A2-RT-3100,"Running Tunnel (Bay 15) - Steel frame installation",TT_Task,,"Tunnel Structure",21-Jun-2014,12-Jul-2014,21,03-Jun-2013,03-Jun-2014,365,-383,344,1638.10,01-Oct-2016,01-Oct-2016,10-May-2015,10-May-2015,3,2
823B_As-built,823B-ERS-A2-RT-3110,"Running Tunnel (Bay 15) - Noise absorption panels",TT_Task,,"Tunnel Structure",30-Sep-2014,08-Oct-2014,8,02-Jan-2014,30-Jun-2014,179,-271,171,2137.50,01-Oct-2016,01-Oct-2016,10-May-2015,10-May-2015,2,1
823B_As-built,823B-ERS-A2-RT-3115,"Running Tunnel (Bay 13 to 15) - Cable bracket installation",TT_Task,,"Tunnel Structure",02-Jul-2013,03-Aug-2013,32,19-Dec-2013,28-Dec-2013,9,170,-23,-71.88,01-Oct-2016,01-Oct-2016,17-Feb-2017,17-Feb-2017,3,2
823B_As-built,823B-ERS-CNP-0010,"CNP Application",TT_Task,,"AREA 5 - CH124+010 to CH124+134",01-Dec-2012,05-Jan-2013,35,01-Dec-2012,05-Jan-2013,35,0,0,0.00,01-Oct-2016,01-Oct-2016,19-May-2014,19-May-2014,6,8
823B_As-built,823B-ERS-A5-ELS-1010,"Bulk excavation Stage 1 (+12.1mPD) (26,322m�)",TT_Task,,"ELS Works",10-Sep-2012,29-Oct-2012,49,10-Sep-2012,29-Oct-2012,49,0,0,0.00,01-Oct-2016,01-Oct-2016,30-Jun-2014,30-Jun-2014,2,2
823B_As-built,823B-ERS-A5-ELS-1110,"Concrete Strut S2 (1,332m� conc)",TT_Task,,"ELS Works",17-Dec-2012,29-Dec-2012,12,07-Jan-2013,19-Jan-2013,12,21,0,0.00,01-Oct-2016,01-Oct-2016,30-Jun-2014,30-Jun-2014,2,2
823B_As-built,823B-ERS-A5-ELS-1240,"Earth Mat @ Bay 29",TT_Task,,"ELS Works",09-Feb-2013,16-Feb-2013,7,09-Feb-2013,16-Feb-2013,7,0,0,0.00,01-Oct-2016,01-Oct-2016,30-Jun-2014,30-Jun-2014,2,1
823B_As-built,823B-ERS-A5-ELS-1230,"Earth Mat @ Bay 30",TT_Task,,"ELS Works",09-Feb-2013,16-Feb-2013,7,09-Feb-2013,16-Feb-2013,7,0,0,0.00,01-Oct-2016,01-Oct-2016,30-Jun-2014,30-Jun-2014,1,2
823B_As-built,823B-ERS-A5-ELS-1020,"Concrete Strut S1 (830m� conc)",TT_Task,,"ELS Works",08-Oct-2012,29-Oct-2012,21,08-Oct-2012,29-Oct-2012,21,0,0,0.00,01-Oct-2016,01-Oct-2016,30-Jun-2014,30-Jun-2014,1,1
823B_As-built,823B-ERS-A5-ELS-1050,"Bulk excavation Stage 2 (+4.225mPD) (17,110m�)",TT_Task,,"ELS Works",16-Nov-2012,15-Dec-2012,29,16-Nov-2012,27-Dec-2012,41,0,12,41.38,01-Oct-2016,01-Oct-2016,30-Jun-2014,30-Jun-2014,1,1
823B_As-built,823B-ERS-A5-ELS-1060,"Expose coupler",TT_Task,,"ELS Works",29-Nov-2012,18-Dec-2012,19,29-Nov-2012,18-Dec-2012,19,0,0,0.00,01-Oct-2016,01-Oct-2016,30-Jun-2014,30-Jun-2014,1,1
823B_As-built,823B-ERS-A5-ELS-1080,"Capping Beam Westside",TT_Task,,"ELS Works",03-Dec-2012,12-Dec-2012,9,03-Dec-2012,12-Dec-2012,9,0,0,0.00,01-Oct-2016,01-Oct-2016,19-May-2014,19-May-2014,1,2
823B_As-built,823B-ERS-A5-ELS-1090,"Capping Beam Eastside",TT_Task,,"ELS Works",09-Jan-2013,23-Jan-2013,14,09-Jan-2013,23-Jan-2013,14,0,0,0.00,01-Oct-2016,01-Oct-2016,19-May-2014,19-May-2014,1,2
823B_As-built,823B-ERS-A5-ELS-1100,"Pumping test - Stage 2",TT_Task,,"ELS Works",17-Dec-2012,08-Jan-2013,22,17-Dec-2012,08-Jan-2013,22,0,0,0.00,01-Oct-2016,01-Oct-2016,30-Jun-2014,30-Jun-2014,3,1
823B_As-built,823B-ERS-A5-ELS-1120,"Columns (between Conc Strut S1 & S2) (53m� conc)",TT_Task,,"ELS Works",24-Dec-2012,05-Jan-2013,12,10-Jan-2013,02-Feb-2013,23,17,11,91.67,01-Oct-2016,01-Oct-2016,30-Jun-2014,30-Jun-2014,1,1
823B_As-built,823B-ERS-A5-ELS-1130,"Bulk excavation Stage 3 (-1.5mPD) (12,348m�)",TT_Task,,"ELS Works",14-Jan-2013,22-Jan-2013,8,26-Jan-2013,04-Feb-2013,9,12,1,12.50,01-Oct-2016,01-Oct-2016,30-Jun-2014,30-Jun-2014,2,3
823B_As-built,823B-ERS-A5-ELS-1140,"S1 Strut",TT_Task,,"ELS Works",16-Jan-2013,22-Jan-2013,6,29-Jan-2013,04-Feb-2013,6,13,0,0.00,01-Oct-2016,01-Oct-2016,30-Jun-2014,30-Jun-2014,1,1
823B_As-built,823B-ERS-A5-ELS-1160,"Bulk excavation Stage 3 (-1.5mPD) (3,283m�)",TT_Task,,"ELS Works",16-Jan-2013,19-Jan-2013,3,29-Dec-2012,03-Jan-2013,5,-18,2,66.67,01-Oct-2016,01-Oct-2016,30-Jun-2014,30-Jun-2014,1,2
823B_As-built,823B-ERS-A5-ELS-1170,"Rock Joint Mapping and Rock Bolt (P84-88)",TT_Task,,"ELS Works",21-Jan-2013,26-Jan-2013,5,21-Jan-2013,26-Jan-2013,5,0,0,0.00,01-Oct-2016,01-Oct-2016,30-Jun-2014,30-Jun-2014,1,1
823B_As-built,823B-ERS-A5-ELS-1180,"S1 Strut",TT_Task,,"ELS Works",24-Jan-2013,28-Jan-2013,4,24-Jan-2013,28-Jan-2013,4,0,0,0.00,01-Oct-2016,01-Oct-2016,30-Jun-2014,30-Jun-2014,1,3
823B_As-built,823B-ERS-A5-ELS-1190,"Bulk excavation Stage 4 (-5.2mPD) (1,750m�)",TT_Task,,"ELS Works",26-Jan-2013,29-Jan-2013,3,15-Feb-2013,18-Feb-2013,3,20,0,0.00,01-Oct-2016,01-Oct-2016,30-Jun-2014,30-Jun-2014,1,2
823B_As-built,823B-ERS-A5-ELS-1200,"Bulk excavation Stage 3 (-1.5mPD) (3,450m�)",TT_Task,,"ELS Works",16-Jan-2013,24-Jan-2013,8,30-Jan-2013,07-Feb-2013,8,14,0,0.00,01-Oct-2016,01-Oct-2016,30-Jun-2014,30-Jun-2014,1,1
823B_As-built,823B-ERS-A5-ELS-1210,"S1 Strut",TT_Task,,"ELS Works",29-Jan-2013,02-Feb-2013,4,29-Jan-2013,02-Feb-2013,4,0,0,0.00,01-Oct-2016,01-Oct-2016,30-Jun-2014,30-Jun-2014,2,1
823B_As-built,823B-ERS-A5-ELS-1220,"Bulk excavation Stage 4 (-5.2mPD) (2,320m�)",TT_Task,,"ELS Works",04-Feb-2013,09-Feb-2013,5,07-May-2013,13-May-2013,6,92,1,20.00,01-Oct-2016,01-Oct-2016,30-Jun-2014,30-Jun-2014,1,2
823B_As-built,823B-ERS-A5-ELS-1030,"Pile Load Test",TT_Task,,"ELS Works",30-Oct-2012,10-Nov-2012,11,30-Oct-2012,10-Nov-2012,11,0,0,0.00,01-Oct-2016,01-Oct-2016,30-Jun-2014,30-Jun-2014,1,1
823B_As-built,823B-ERS-A5-ELS-1040,"Concrete Strut S1 (83m� conc)",TT_Task,,"ELS Works",12-Nov-2012,17-Nov-2012,5,12-Nov-2012,17-Nov-2012,5,0,0,0.00,01-Oct-2016,01-Oct-2016,30-Jun-2014,30-Jun-2014,2,1
823B_As-built,823B-ERS-A5-ELS-1070,"Running beam",TT_Task,,"ELS Works",04-Dec-2012,22-Dec-2012,18,04-Dec-2012,22-Dec-2012,18,0,0,0.00,01-Oct-2016,01-Oct-2016,30-Jun-2014,30-Jun-2014,1,1
823B_As-built,823B-ERS-A5-ELS-1150,"Bulk excavation Stage 4 (-5.2mPD) (9,250m�)",TT_Task,,"ELS Works",23-Jan-2013,02-Feb-2013,10,01-Mar-2013,12-Mar-2013,11,37,1,10.00,01-Oct-2016,01-Oct-2016,30-Jun-2014,30-Jun-2014,1,4
823B_As-built,823B-ERS-A5-RT-1010,"Running Tunnel (Bay 27) - Pile head",TT_Task,,"Tunnel Structure",30-Jan-2013,05-Feb-2013,6,01-Jun-2013,07-Jun-2013,6,122,0,0.00,01-Oct-2016,01-Oct-2016,30-Jun-2014,30-Jun-2014,7,2
823B_As-built,823B-ERS-A5-RT-1020,"Running Tunnel (Bay 27) - WP+BS+Columns+Platform (750m� conc)",TT_Task,,"Tunnel Structure",06-Feb-2013,13-Mar-2013,35,08-Jun-2013,02-Jul-2013,24,122,-11,-31.43,01-Oct-2016,01-Oct-2016,30-Jun-2014,30-Jun-2014,1,4
823B_As-built,823B-ERS-A5-RT-1030,"Running Tunnel (Bay 27) - Remove Strut S1, RB, KP",TT_Task,,"Tunnel Structure",11-Mar-2013,16-Mar-2013,5,03-Jul-2013,09-Jul-2013,6,114,1,20.00,01-Oct-2016,01-Oct-2016,30-Jun-2014,30-Jun-2014,1,3
823B_As-built,823B-ERS-A5-RT-1040,"Running Tunnel (Bay 27) - Mass Concrete (invert & walkway) (186m� conc)",TT_Task,,"Tunnel Structure",18-Mar-2013,28-Mar-2013,10,19-Jun-2013,29-Jun-2013,10,93,0,0.00,01-Oct-2016,01-Oct-2016,30-Jun-2014,30-Jun-2014,1,4
823B_As-built,823B-ERS-A5-RT-1050,"Running Tunnel (Bay 26) - Pile head",TT_Task,,"Tunnel Structure",14-Feb-2013,20-Feb-2013,6,08-Jun-2013,15-Jun-2013,7,114,1,16.67,01-Oct-2016,01-Oct-2016,30-Jun-2014,30-Jun-2014,3,2
823B_As-built,823B-ERS-A5-RT-1060,"Running Tunnel (Bay 26) - WP+BS+Columns+Platform (750m� conc)",TT_Task,,"Tunnel Structure",21-Feb-2013,25-Mar-2013,32,17-Jun-2013,02-Jul-2013,15,116,-17,-53.13,01-Oct-2016,01-Oct-2016,30-Jun-2014,30-Jun-2014,1,6
823B_As-built,823B-ERS-A5-RT-1070,"Running Tunnel (Bay 26) - Remove Strut S1, RB, KP",TT_Task,,"Tunnel Structure",19-Mar-2013,25-Mar-2013,6,03-Jul-2013,09-Jul-2013,6,106,0,0.00,01-Oct-2016,01-Oct-2016,17-Feb-2017,17-Feb-2017,1,1
823B_As-built,823B-ERS-A5-RT-1170,"Running Tunnel (Bay 29) - Pile head",TT_Task,,"Tunnel Structure",18-Feb-2013,23-Feb-2013,5,16-Mar-2013,22-Mar-2013,6,26,1,20.00,01-Oct-2016,01-Oct-2016,30-Jun-2014,30-Jun-2014,1,2
823B_As-built,823B-ERS-A5-RT-1080,"Running Tunnel (Bay 26) - Staircase (126m� conc)",TT_Task,,"Tunnel Structure",21-Feb-2013,25-Mar-2013,32,01-Aug-2013,21-Sep-2013,51,161,19,59.38,01-Oct-2016,01-Oct-2016,17-Feb-2017,17-Feb-2017,1,2
823B_As-built,823B-ERS-A5-RT-1090,"Running Tunnel (Bay 25) - Pile head",TT_Task,,"Tunnel Structure",14-Feb-2013,20-Feb-2013,6,05-Apr-2013,11-Apr-2013,6,50,0,0.00,01-Oct-2016,01-Oct-2016,30-Jun-2014,30-Jun-2014,2,1
823B_As-built,823B-ERS-A5-RT-1100,"Running Tunnel (Bay 25) - WP+BS+Columns+Platform (750m� conc)",TT_Task,,"Tunnel Structure",21-Feb-2013,25-Mar-2013,32,12-Apr-2013,15-May-2013,33,50,1,3.13,01-Oct-2016,01-Oct-2016,30-Jun-2014,30-Jun-2014,1,5
823B_As-built,823B-ERS-A5-RT-1110,"Running Tunnel (Bay 25) - Remove Strut S1, RB, KP",TT_Task,,"Tunnel Structure",22-Mar-2013,28-Mar-2013,6,13-May-2013,18-May-2013,5,52,-1,-16.67,01-Oct-2016,01-Oct-2016,17-Feb-2017,17-Feb-2017,1,2
823B_As-built,823B-ERS-A5-RT-1120,"Running Tunnel (Bay 26 & 25) - Mass Concrete (invert & walkway) (374m� conc)",TT_Task,,"Tunnel Structure",18-Mar-2013,28-Mar-2013,10,24-Jun-2013,02-Jul-2013,8,98,-2,-20.00,01-Oct-2016,01-Oct-2016,30-Jun-2014,30-Jun-2014,2,4
823B_As-built,823B-ERS-A5-RT-1130,"Running Tunnel (Bay 30) - Pile head",TT_Task,,"Tunnel Structure",18-Feb-2013,23-Feb-2013,5,07-Mar-2013,13-Mar-2013,6,17,1,20.00,01-Oct-2016,01-Oct-2016,30-Jun-2014,30-Jun-2014,1,1
823B_As-built,823B-ERS-A5-RT-1140,"Running Tunnel (Bay 30) - WP+BS+Columns+Platform (750m� conc)",TT_Task,,"Tunnel Structure",25-Feb-2013,28-Mar-2013,31,14-Mar-2013,19-Apr-2013,36,17,5,16.13,01-Oct-2016,01-Oct-2016,30-Jun-2014,30-Jun-2014,1,7
823B_As-built,823B-ERS-A5-RT-1150,"Running Tunnel (Bay 30) - Remove Strut S1, RB, KP",TT_Task,,"Tunnel Structure",20-Mar-2013,26-Mar-2013,6,20-Apr-2013,26-Apr-2013,6,31,0,0.00,01-Oct-2016,01-Oct-2016,17-Feb-2017,17-Feb-2017,1,1
823B_As-built,823B-ERS-A5-RT-1180,"Running Tunnel (Bay 29) - WP+BS+Columns+Platform (750m� conc)",TT_Task,,"Tunnel Structure",25-Feb-2013,28-Mar-2013,31,23-Mar-2013,29-Apr-2013,37,26,6,19.35,01-Oct-2016,01-Oct-2016,30-Jun-2014,30-Jun-2014,1,5
823B_As-built,823B-ERS-A5-RT-1190,"Running Tunnel (Bay 29) - Remove Strut S1, RB, KP",TT_Task,,"Tunnel Structure",22-Mar-2013,28-Mar-2013,6,23-Apr-2013,29-Apr-2013,6,32,0,0.00,01-Oct-2016,01-Oct-2016,17-Feb-2017,17-Feb-2017,1,2
823B_As-built,823B-ERS-A5-RT-1160,"Running Tunnel (Bay 30) - Staircase (126m� conc)",TT_Task,,"Tunnel Structure",25-Feb-2013,28-Mar-2013,31,01-Jun-2013,11-Jul-2013,40,96,9,29.03,01-Oct-2016,01-Oct-2016,17-Feb-2017,17-Feb-2017,1,2
823B_As-built,823B-ERS-A5-RT-1200,"Running Tunnel (Bay 28) - Pile head",TT_Task,,"Tunnel Structure",18-Feb-2013,23-Feb-2013,5,07-Mar-2013,13-Mar-2013,6,17,1,20.00,01-Oct-2016,01-Oct-2016,30-Jun-2014,30-Jun-2014,2,1
823B_As-built,823B-ERS-A5-RT-1210,"Running Tunnel (Bay 28) - WP+BS+Columns+Platform (750m� conc)",TT_Task,,"Tunnel Structure",25-Feb-2013,28-Mar-2013,31,14-Mar-2013,19-Apr-2013,36,17,5,16.13,01-Oct-2016,01-Oct-2016,30-Jun-2014,30-Jun-2014,1,5
823B_As-built,823B-ERS-A5-RT-1220,"Running Tunnel (Bay 28) - Remove Strut S1, RB, KP",TT_Task,,"Tunnel Structure",22-Mar-2013,28-Mar-2013,6,20-Apr-2013,26-Apr-2013,6,29,0,0.00,01-Oct-2016,01-Oct-2016,17-Feb-2017,17-Feb-2017,1,2
823B_As-built,823B-ERS-A5-RT-1230,"Running Tunnel (Bay 28 to 30) - Mass Concrete (invert & walkway) (561m� conc)",TT_Task,,"Tunnel Structure",20-Mar-2013,28-Mar-2013,8,01-Jun-2013,02-Jul-2013,31,73,23,287.50,01-Oct-2016,01-Oct-2016,30-Jun-2014,30-Jun-2014,3,4
823B_As-built,823B-ERS-A5-RT-1240,"Running Tunnel (Bay 27 & 25) - Steel frame installation",TT_Task,,"Tunnel Structure",31-May-2014,04-Aug-2014,65,03-Jun-2013,03-Mar-2014,273,-362,208,320.00,01-Oct-2016,01-Oct-2016,10-May-2015,10-May-2015,3,2
823B_As-built,823B-ERS-A5-RT-1250,"Running Tunnel (Bay 27 & 25) - Noise absorption panels",TT_Task,,"Tunnel Structure",23-Sep-2014,15-Oct-2014,22,17-Jun-2013,01-Aug-2014,410,-463,388,1763.64,01-Oct-2016,01-Oct-2016,10-May-2015,10-May-2015,2,1
823B_As-built,823B-ERS-A5-RT-1260,"Running Tunnel (Bay 30 & 28) - Steel frame installation",TT_Task,,"Tunnel Structure",05-Aug-2014,09-Oct-2014,65,03-Jun-2013,09-Jun-2014,371,-428,306,470.77,01-Oct-2016,01-Oct-2016,10-May-2015,10-May-2015,1,2
823B_As-built,823B-ERS-A5-RT-1270,"Running Tunnel (Bay 30 & 28) - Noise absorption panels",TT_Task,,"Tunnel Structure",16-Oct-2014,05-Nov-2014,20,17-Jun-2013,07-Aug-2014,416,-486,396,1980.00,01-Oct-2016,01-Oct-2016,10-May-2015,10-May-2015,2,1
823B_As-built,823B-ERS-A5-RT-1115,"Running Tunnel (Bay 25) - Cable bracket installation",TT_Task,,"Tunnel Structure",21-Mar-2013,28-Mar-2013,7,05-Jul-2013,06-Jul-2013,1,106,-6,-85.71,01-Oct-2016,01-Oct-2016,17-Feb-2017,17-Feb-2017,2,2
823B_As-built,823B-ERS-A5-RT-1222,"Running Tunnel (Bay 30 & 29) - Cable bracket installation",TT_Task,,"Tunnel Structure",08-Mar-2013,28-Mar-2013,20,22-Jun-2013,06-Jul-2013,14,106,-6,-30.00,01-Oct-2016,01-Oct-2016,17-Feb-2017,17-Feb-2017,2,2
823B_As-built,823B-ERS-A5-RT-1224,"Running Tunnel (Bay 26 to 28) - Cable bracket installation",TT_Task,,"Tunnel Structure",05-Mar-2013,28-Mar-2013,23,19-Jun-2013,06-Jul-2013,17,106,-6,-26.09,01-Oct-2016,01-Oct-2016,17-Feb-2017,17-Feb-2017,3,2
823B_As-built,823B-ERS-A5-DW-1010,"D-wall construction completed (incl pumping test, socket H-Pile) (8,485m� conc)",TT_Task,,"D-Wall Construction",14-Feb-2011,08-Sep-2012,572,14-Feb-2011,08-Sep-2012,572,0,0,0.00,01-Oct-2016,01-Oct-2016,19-May-2014,19-May-2014,12,4
823B_As-built,823B-ERS-A3-RT-1050,"Running Tunnel (Bay 16) - Staircase (126m� conc)",TT_Task,,"Tunnel Structure",23-Feb-2013,27-Mar-2013,32,01-Nov-2013,04-Mar-2014,123,251,91,284.38,01-Oct-2016,01-Oct-2016,17-Feb-2017,17-Feb-2017,1,1
823B_As-built,823B-ERS-A3-RT-1060,"Running Tunnel (Bay 17) - Pile head",TT_Task,,"Tunnel Structure",16-Feb-2013,22-Feb-2013,6,13-May-2013,18-May-2013,5,86,-1,-16.67,01-Oct-2016,01-Oct-2016,30-Jun-2014,30-Jun-2014,2,1
823B_As-built,823B-ERS-A3-RT-1080,"Running Tunnel (Bay 17) - Remove Strut S1, RB, KP",TT_Task,,"Tunnel Structure",22-Mar-2013,28-Mar-2013,6,29-May-2013,04-Jun-2013,6,68,0,0.00,01-Oct-2016,01-Oct-2016,30-Jun-2014,30-Jun-2014,1,4
823B_As-built,823B-ERS-A3-RT-1010,"Running Tunnel (Bay 16) - Pile head",TT_Task,,"Tunnel Structure",16-Feb-2013,22-Feb-2013,6,26-Aug-2013,31-Aug-2013,5,191,-1,-16.67,01-Oct-2016,01-Oct-2016,30-Jun-2014,30-Jun-2014,3,1
823B_As-built,823B-ERS-A3-RT-1020,"Running Tunnel (Bay 16) - WP+BS+Columns+Platform (750m� conc)",TT_Task,,"Tunnel Structure",23-Feb-2013,27-Mar-2013,32,02-Sep-2013,11-Nov-2013,70,191,38,118.75,01-Oct-2016,01-Oct-2016,30-Jun-2014,30-Jun-2014,1,5
823B_As-built,823B-ERS-A3-RT-1030,"Running Tunnel (Bay 16) - Remove Strut S1, RB, KP",TT_Task,,"Tunnel Structure",22-Mar-2013,28-Mar-2013,6,01-Nov-2013,07-Nov-2013,6,224,0,0.00,01-Oct-2016,01-Oct-2016,30-Jun-2014,30-Jun-2014,1,2
823B_As-built,823B-ERS-A3-RT-1070,"Running Tunnel (Bay 17) - WP+BS+Columns+Platform (750m� conc)",TT_Task,,"Tunnel Structure",23-Feb-2013,27-Mar-2013,32,20-May-2013,03-Jun-2013,14,86,-18,-56.25,01-Oct-2016,01-Oct-2016,30-Jun-2014,30-Jun-2014,1,4
823B_As-built,823B-ERS-A3-RT-1090,"Running Tunnel (Bay 18) - Pile head",TT_Task,,"Tunnel Structure",16-Feb-2013,22-Feb-2013,6,07-May-2013,13-May-2013,6,80,0,0.00,01-Oct-2016,01-Oct-2016,30-Jun-2014,30-Jun-2014,3,1
823B_As-built,823B-ERS-A3-RT-1110,"Running Tunnel (Bay 18) - Remove Strut S1, RB, KP",TT_Task,,"Tunnel Structure",22-Mar-2013,28-Mar-2013,6,28-May-2013,03-Jun-2013,6,67,0,0.00,01-Oct-2016,01-Oct-2016,30-Jun-2014,30-Jun-2014,1,5
823B_As-built,823B-ERS-A3-RT-1100,"Running Tunnel (Bay 18) - WP+BS+Columns+Platform (750m� conc)",TT_Task,,"Tunnel Structure",23-Feb-2013,27-Mar-2013,32,14-May-2013,01-Jun-2013,18,80,-14,-43.75,01-Oct-2016,01-Oct-2016,30-Jun-2014,30-Jun-2014,1,4
823B_As-built,823B-ERS-A3-RT-1120,"Running Tunnel (Bay 18 to 16) - Steel frame installation",TT_Task,,"Tunnel Structure",14-Jul-2014,15-Sep-2014,63,03-Jun-2013,03-Jun-2014,365,-406,302,479.37,01-Oct-2016,01-Oct-2016,10-May-2015,10-May-2015,3,2
823B_As-built,823B-ERS-A3-RT-1130,"Running Tunnel (Bay 18 to 16) - Noise absorption panels",TT_Task,,"Tunnel Structure",09-Oct-2014,29-Oct-2014,20,17-Jun-2013,11-Aug-2014,420,-479,400,2000.00,01-Oct-2016,01-Oct-2016,10-May-2015,10-May-2015,2,1
823B_As-built,823B-ERS-A3-RT-1140,"Running Tunnel (Bay 19) - Pile head",TT_Task,,"Tunnel Structure",16-Feb-2013,22-Feb-2013,6,30-Apr-2013,07-May-2013,7,73,1,16.67,01-Oct-2016,01-Oct-2016,30-Jun-2014,30-Jun-2014,2,1
823B_As-built,823B-ERS-A3-RT-1160,"Running Tunnel (Bay 19) - Remove Strut S1, RB, KP",TT_Task,,"Tunnel Structure",21-Mar-2013,27-Mar-2013,6,28-May-2013,03-Jun-2013,6,68,0,0.00,01-Oct-2016,01-Oct-2016,17-Feb-2017,17-Feb-2017,1,1
823B_As-built,823B-ERS-A3-RT-1150,"Running Tunnel (Bay 19) - WP+BS+Columns+Platform (750m� conc)",TT_Task,,"Tunnel Structure",23-Feb-2013,27-Mar-2013,32,08-May-2013,01-Jun-2013,24,74,-8,-25.00,01-Oct-2016,01-Oct-2016,30-Jun-2014,30-Jun-2014,1,5
823B_As-built,823B-ERS-A3-RT-1170,"Running Tunnel (Bay 19) - Staircase (126m� conc)",TT_Task,,"Tunnel Structure",23-Feb-2013,27-Mar-2013,32,05-Jun-2013,10-Aug-2013,66,102,34,106.25,01-Oct-2016,01-Oct-2016,17-Feb-2017,17-Feb-2017,1,2
823B_As-built,823B-ERS-A3-RT-1180,"Running Tunnel (Bay 20) - Pile head",TT_Task,,"Tunnel Structure",16-Feb-2013,22-Feb-2013,6,26-Apr-2013,03-May-2013,7,69,1,16.67,01-Oct-2016,01-Oct-2016,30-Jun-2014,30-Jun-2014,2,1
823B_As-built,823B-ERS-A3-RT-1200,"Running Tunnel (Bay 20) - Remove Strut S1, RB, KP",TT_Task,,"Tunnel Structure",22-Mar-2013,28-Mar-2013,6,28-May-2013,03-Jun-2013,6,67,0,0.00,01-Oct-2016,01-Oct-2016,30-Jun-2014,30-Jun-2014,1,4
823B_As-built,823B-ERS-A3-RT-1190,"Running Tunnel (Bay 20) - WP+BS+Columns+Platform (750m� conc)",TT_Task,,"Tunnel Structure",23-Feb-2013,27-Mar-2013,32,04-May-2013,01-Jun-2013,28,70,-4,-12.50,01-Oct-2016,01-Oct-2016,30-Jun-2014,30-Jun-2014,1,4
823B_As-built,823B-ERS-A3-RT-1210,"Running Tunnel (Bay 20 to 16) - Mass Concrete (invert & walkway) (936m� conc)",TT_Task,,"Tunnel Structure",19-Mar-2013,27-Mar-2013,8,28-Jun-2013,02-Jul-2013,4,101,-4,-50.00,01-Oct-2016,01-Oct-2016,17-Feb-2017,17-Feb-2017,5,2
823B_As-built,823B-ERS-A3-RT-1220,"Running Tunnel (Bay 20 to 19) - Steel frame installation",TT_Task,,"Tunnel Structure",16-Sep-2014,29-Oct-2014,43,03-Jun-2013,29-Mar-2014,299,-470,256,595.35,01-Oct-2016,01-Oct-2016,10-May-2015,10-May-2015,2,1
823B_As-built,823B-ERS-A3-RT-1230,"Running Tunnel (Bay 20 to 19) - Noise absorption panels",TT_Task,,"Tunnel Structure",30-Oct-2014,12-Nov-2014,13,17-Jun-2014,12-Aug-2014,56,-135,43,330.77,01-Oct-2016,01-Oct-2016,10-May-2015,10-May-2015,2,1
823B_As-built,823B-ERS-A3-RT-1240,"Running Tunnel (Bay 16 to 20) - Cable bracket installation",TT_Task,,"Tunnel Structure",07-Mar-2013,28-Mar-2013,21,07-Sep-2013,25-Sep-2013,18,184,-3,-14.29,01-Oct-2016,01-Oct-2016,17-Feb-2017,17-Feb-2017,5,2
823B_As-built,823B-ERS-A3-ELS-1010,"Bulk Excavation Stage 1 (+12.1mPD) (30,903m�)",TT_Task,,"ELS Works",31-Aug-2012,13-Oct-2012,43,31-Aug-2012,13-Oct-2012,43,0,0,0.00,01-Oct-2016,01-Oct-2016,30-Jun-2014,30-Jun-2014,2,2
823B_As-built,823B-ERS-A3-ELS-1120,"Bulk Excavation Stage 4 (-5.7mPD) (10,118m�)",TT_Task,,"ELS Works",23-Jan-2013,05-Feb-2013,13,28-Jan-2013,05-Sep-2013,220,5,207,1592.31,01-Oct-2016,01-Oct-2016,30-Jun-2014,30-Jun-2014,1,2
823B_As-built,823B-ERS-A3-ELS-1020,"Concrete Strut S1 (830m� conc)",TT_Task,,"ELS Works",18-Sep-2012,11-Oct-2012,23,18-Sep-2012,11-Oct-2012,23,0,0,0.00,01-Oct-2016,01-Oct-2016,30-Jun-2014,30-Jun-2014,1,1
823B_As-built,823B-ERS-A3-ELS-1030,"Bulk Excavation Stage 2 (+4.225mPD) (18,027m�)",TT_Task,,"ELS Works",29-Oct-2012,21-Nov-2012,23,29-Oct-2012,21-Nov-2012,23,0,0,0.00,01-Oct-2016,01-Oct-2016,30-Jun-2014,30-Jun-2014,1,3
823B_As-built,823B-ERS-A3-ELS-1040,"Capping Beam Westside",TT_Task,,"ELS Works",14-Nov-2012,23-Nov-2012,9,14-Nov-2012,23-Nov-2012,9,0,0,0.00,01-Oct-2016,01-Oct-2016,19-May-2014,19-May-2014,1,2
823B_As-built,823B-ERS-A3-ELS-1050,"Expose coupler",TT_Task,,"ELS Works",20-Nov-2012,04-Dec-2012,14,20-Nov-2012,04-Dec-2012,14,0,0,0.00,01-Oct-2016,01-Oct-2016,30-Jun-2014,30-Jun-2014,1,2
823B_As-built,823B-ERS-A3-ELS-1060,"Runner beam",TT_Task,,"ELS Works",26-Nov-2012,08-Dec-2012,12,26-Nov-2012,08-Dec-2012,12,0,0,0.00,01-Oct-2016,01-Oct-2016,30-Jun-2014,30-Jun-2014,1,1
823B_As-built,823B-ERS-A3-ELS-1070,"Pumping test - Stage 2",TT_Task,,"ELS Works",03-Dec-2012,17-Dec-2012,14,03-Dec-2012,17-Dec-2012,14,0,0,0.00,01-Oct-2016,01-Oct-2016,30-Jun-2014,30-Jun-2014,1,1
823B_As-built,823B-ERS-A3-ELS-1090,"Concrete Strut S2 (1,211m� conc)",TT_Task,,"ELS Works",18-Dec-2012,28-Dec-2012,10,18-Dec-2012,18-Jan-2013,31,0,21,210.00,01-Oct-2016,01-Oct-2016,30-Jun-2014,30-Jun-2014,2,1
823B_As-built,823B-ERS-A3-ELS-1100,"Columns (between Conc Strut S1 & S2) (61m� conc)",TT_Task,,"ELS Works",27-Dec-2012,03-Jan-2013,7,03-Jan-2013,26-Jan-2013,23,7,16,228.57,01-Oct-2016,01-Oct-2016,30-Jun-2014,30-Jun-2014,1,1
823B_As-built,823B-ERS-A3-ELS-1110,"Bulk Excavation Stage 3 (-1.5mPD) (16,447m�)",TT_Task,,"ELS Works",04-Jan-2013,22-Jan-2013,18,21-Jan-2013,01-Aug-2013,192,17,174,966.67,01-Oct-2016,01-Oct-2016,30-Jun-2014,30-Jun-2014,1,4
823B_As-built,823B-ERS-A3-ELS-1130,"Rock Excavation (5,175m�)",TT_Task,,"ELS Works",06-Feb-2013,15-Feb-2013,9,06-Feb-2013,04-May-2013,87,0,78,866.67,01-Oct-2016,01-Oct-2016,30-Jun-2014,30-Jun-2014,1,6
823B_As-built,823B-ERS-A3-ELS-1140,"S1 Strut",TT_Task,,"ELS Works",30-Jan-2013,15-Feb-2013,16,30-Jan-2013,03-Aug-2013,185,0,169,1056.25,01-Oct-2016,01-Oct-2016,30-Jun-2014,30-Jun-2014,1,5
823B_As-built,823B-ERS-A3-ELS-1150,"Concrete Strut S2",TT_Task,,"ELS Works",14-Jan-2013,19-Jan-2013,5,01-Jun-2013,07-Jun-2013,6,138,1,20.00,01-Oct-2016,01-Oct-2016,30-Jun-2014,30-Jun-2014,1,1
823B_As-built,823B-ERS-A3-ELS-1160,"Columns (between Conc Strut S1 & S2)",TT_Task,,"ELS Works",21-Jan-2013,26-Jan-2013,5,08-Jun-2013,01-Aug-2013,54,138,49,980.00,01-Oct-2016,01-Oct-2016,30-Jun-2014,30-Jun-2014,1,1
823B_As-built,823B-ERS-A3-ELS-1080,"Capping Beam Eastside",TT_Task,,"ELS Works",11-Dec-2012,24-Dec-2012,13,11-Dec-2012,24-Dec-2012,13,0,0,0.00,01-Oct-2016,01-Oct-2016,19-May-2014,19-May-2014,1,1
823B_As-built,823B-ERS-A3-DW-1010,"D-wall construction completed (incl pumping test, Socket H-Pile) (11,904m� conc)",TT_Task,,"D-Wall Construction",22-Feb-2011,30-Aug-2012,555,22-Feb-2011,30-Aug-2012,555,0,0,0.00,01-Oct-2016,01-Oct-2016,19-May-2014,19-May-2014,12,5
823B_As-built,823B-ERS-A4-DW-1010,"D-Wall construction completed (incl. pumping test, socket H-Pile) (5,890m� conc)",TT_Task,,"D-Wall Construction",07-Feb-2011,04-Aug-2012,544,07-Feb-2011,04-Aug-2012,544,0,0,0.00,01-Oct-2016,01-Oct-2016,03-Mar-2014,03-Mar-2014,12,9
823B_As-built,823B-ERS-A4-RT-1010,"Running Tunnel (Bay 22) - Pile head",TT_Task,,"Tunnel Structure",07-Feb-2013,16-Feb-2013,9,17-Apr-2013,23-Apr-2013,6,69,-3,-33.33,01-Oct-2016,01-Oct-2016,30-Jun-2014,30-Jun-2014,5,2
823B_As-built,823B-ERS-A4-RT-1070,"Running Tunnel (Bay 22 & 21) - Mass Concrete (invert & walkway) (374m� conc)",TT_Task,,"Tunnel Structure",20-Mar-2013,28-Mar-2013,8,03-Jun-2013,11-Jun-2013,8,75,0,0.00,01-Oct-2016,01-Oct-2016,30-Jun-2014,30-Jun-2014,2,5
823B_As-built,823B-ERS-A4-RT-1080,"Running Tunnel (Bay 22 & 21) - Steel frame installation",TT_Task,,"Tunnel Structure",01-Mar-2014,12-Apr-2014,42,03-Jun-2013,24-Aug-2013,82,-271,40,95.24,01-Oct-2016,01-Oct-2016,10-May-2015,10-May-2015,4,2
823B_As-built,823B-ERS-A4-RT-1100,"Running Tunnel (Bay 24) - Pile head",TT_Task,,"Tunnel Structure",19-Feb-2013,22-Feb-2013,3,12-Apr-2013,16-Apr-2013,4,52,1,33.33,01-Oct-2016,01-Oct-2016,30-Jun-2014,30-Jun-2014,2,2
823B_As-built,823B-ERS-A4-RT-1110,"Running Tunnel (Bay 24) - WP+BS+Columns+Platform (750m� conc)",TT_Task,,"Tunnel Structure",23-Feb-2013,27-Mar-2013,32,17-Apr-2013,21-May-2013,34,53,2,6.25,01-Oct-2016,01-Oct-2016,30-Jun-2014,30-Jun-2014,1,8
823B_As-built,823B-ERS-A4-RT-1120,"Running Tunnel (Bay 24) - Remove Strut S1, RB, KP",TT_Task,,"Tunnel Structure",22-Mar-2013,28-Mar-2013,6,16-May-2013,22-May-2013,6,55,0,0.00,01-Oct-2016,01-Oct-2016,17-Feb-2017,17-Feb-2017,1,2
823B_As-built,823B-ERS-A4-RT-1130,"Running Tunnel (Bay 24) - Mass Concrete (invert & walkway) (188m� conc)",TT_Task,,"Tunnel Structure",15-Mar-2013,25-Mar-2013,10,01-Jun-2013,11-Jun-2013,10,78,0,0.00,01-Oct-2016,01-Oct-2016,17-Feb-2017,17-Feb-2017,1,2
823B_As-built,823B-ERS-A4-RT-1020,"Running Tunnel (Bay 22) - WP+BS+Columns+Platform (750m� conc)",TT_Task,,"Tunnel Structure",18-Feb-2013,21-Mar-2013,31,24-Apr-2013,01-Jun-2013,38,65,7,22.58,01-Oct-2016,01-Oct-2016,30-Jun-2014,30-Jun-2014,1,4
823B_As-built,823B-ERS-A4-RT-1030,"Running Tunnel (Bay 22) - Remove Strut S1, RB, KP",TT_Task,,"Tunnel Structure",20-Mar-2013,26-Mar-2013,6,28-May-2013,03-Jun-2013,6,69,0,0.00,01-Oct-2016,01-Oct-2016,30-Jun-2014,30-Jun-2014,1,4
823B_As-built,823B-ERS-A4-RT-1040,"Running Tunnel (Bay 21) - Pile head",TT_Task,,"Tunnel Structure",18-Feb-2013,23-Feb-2013,5,23-Apr-2013,29-Apr-2013,6,64,1,20.00,01-Oct-2016,01-Oct-2016,30-Jun-2014,30-Jun-2014,1,1
823B_As-built,823B-ERS-A4-RT-1050,"Running Tunnel (Bay 21) - WP+BS+Columns+Platform (750m� conc)",TT_Task,,"Tunnel Structure",25-Feb-2013,28-Mar-2013,31,30-Apr-2013,01-Jun-2013,32,64,1,3.23,01-Oct-2016,01-Oct-2016,30-Jun-2014,30-Jun-2014,1,4
823B_As-built,823B-ERS-A4-RT-1060,"Running Tunnel (Bay 21) - Remove Strut S1, RB, KP",TT_Task,,"Tunnel Structure",20-Mar-2013,26-Mar-2013,6,21-May-2013,03-Jun-2013,13,62,7,116.67,01-Oct-2016,01-Oct-2016,30-Jun-2014,30-Jun-2014,1,6
823B_As-built,823B-ERS-A4-RT-1090,"Running Tunnel (Bay 22 & 21) - Noise absorption panels",TT_Task,,"Tunnel Structure",25-Aug-2014,06-Sep-2014,12,17-Jun-2013,31-Aug-2013,75,-434,63,525.00,01-Oct-2016,01-Oct-2016,10-May-2015,10-May-2015,1,1
823B_As-built,823B-ERS-A4-RT-1140,"Running Tunnel (Bay 23) - Pile head",TT_Task,,"Tunnel Structure",19-Feb-2013,22-Feb-2013,3,15-Apr-2013,18-Apr-2013,3,55,0,0.00,01-Oct-2016,01-Oct-2016,30-Jun-2014,30-Jun-2014,3,1
823B_As-built,823B-ERS-A4-RT-1150,"Running Tunnel (Bay 23) - WP+BS+Columns+Platform (750m� conc)",TT_Task,,"Tunnel Structure",23-Feb-2013,27-Mar-2013,32,19-Apr-2013,23-May-2013,34,55,2,6.25,01-Oct-2016,01-Oct-2016,30-Jun-2014,30-Jun-2014,1,6
823B_As-built,823B-ERS-A4-RT-1160,"Running Tunnel (Bay 23) - Remove Strut S1, RB, KP",TT_Task,,"Tunnel Structure",21-Mar-2013,27-Mar-2013,6,18-May-2013,24-May-2013,6,58,0,0.00,01-Oct-2016,01-Oct-2016,17-Feb-2017,17-Feb-2017,1,1
823B_As-built,823B-ERS-A4-RT-1170,"Running Tunnel (Bay 23) - Mass Concrete (invert & walkway) (186m� conc)",TT_Task,,"Tunnel Structure",19-Mar-2013,27-Mar-2013,8,01-Jun-2013,10-Jun-2013,9,74,1,12.50,01-Oct-2016,01-Oct-2016,17-Feb-2017,17-Feb-2017,1,2
823B_As-built,823B-ERS-A4-RT-1180,"Running Tunnel (Bay 23) - Staircase (126m� conc)",TT_Task,,"Tunnel Structure",23-Feb-2013,27-Mar-2013,32,01-Jun-2013,24-Aug-2013,84,98,52,162.50,01-Oct-2016,01-Oct-2016,17-Feb-2017,17-Feb-2017,1,2
823B_As-built,823B-ERS-A4-RT-1190,"Running Tunnel (Bay 24 & 23) - Steel frame installation",TT_Task,,"Tunnel Structure",14-Apr-2014,30-May-2014,46,03-Jun-2013,01-Mar-2014,271,-315,225,489.13,01-Oct-2016,01-Oct-2016,10-May-2015,10-May-2015,3,2
823B_As-built,823B-ERS-A4-RT-1200,"Running Tunnel (Bay 24 & 23) - Noise absorption panels",TT_Task,,"Tunnel Structure",08-Sep-2014,22-Sep-2014,14,17-Jun-2013,03-Jun-2014,351,-448,337,2407.14,01-Oct-2016,01-Oct-2016,10-May-2015,10-May-2015,2,1
823B_As-built,823B-ERS-A4-RT-1065,"Running Tunnel (Bay 21 & 22) - Cable bracket installation",TT_Task,,"Tunnel Structure",08-Mar-2013,28-Mar-2013,20,19-Aug-2013,06-Sep-2013,18,164,-2,-10.00,01-Oct-2016,01-Oct-2016,17-Feb-2017,17-Feb-2017,2,2
823B_As-built,823B-ERS-A4-RT-1175,"Running Tunnel (Bay 23 & 24) - Cable bracket installation",TT_Task,,"Tunnel Structure",07-Mar-2013,20-Mar-2013,13,06-Aug-2013,17-Aug-2013,11,152,-2,-15.38,01-Oct-2016,01-Oct-2016,17-Feb-2017,17-Feb-2017,2,1
823B_As-built,823B-ERS-A4-ELS-1110,"Bulk excavation Stage 3 (-1.5mPD) (7,753m�)",TT_Task,,"ELS Works",23-Jan-2013,31-Jan-2013,8,04-Feb-2013,16-Feb-2013,12,12,4,50.00,01-Oct-2016,01-Oct-2016,30-Jun-2014,30-Jun-2014,3,1
823B_As-built,823B-ERS-A4-ELS-1010,"Bulk Excavation Stage 1 (+12.1mPD) (23,180m�)",TT_Task,,"ELS Works",06-Aug-2012,29-Oct-2012,84,06-Aug-2012,29-Oct-2012,84,0,0,0.00,01-Oct-2016,01-Oct-2016,17-Feb-2017,17-Feb-2017,2,2
823B_As-built,823B-ERS-A4-ELS-1140,"Bulk excavation Stage 3 (-1.5mPD) (3,450m�)",TT_Task,,"ELS Works",16-Jan-2013,26-Jan-2013,10,23-Feb-2013,06-Mar-2013,11,38,1,10.00,01-Oct-2016,01-Oct-2016,30-Jun-2014,30-Jun-2014,1,2
823B_As-built,823B-ERS-A4-ELS-1150,"Rock excavation (3,032m�)",TT_Task,,"ELS Works",28-Jan-2013,02-Feb-2013,5,04-Mar-2013,09-Mar-2013,5,35,0,0.00,01-Oct-2016,01-Oct-2016,30-Jun-2014,30-Jun-2014,1,1
823B_As-built,823B-ERS-A4-ELS-1020,"Concrete Strut S1 (747m� conc)",TT_Task,,"ELS Works",06-Oct-2012,29-Oct-2012,23,06-Oct-2012,29-Oct-2012,23,0,0,0.00,01-Oct-2016,01-Oct-2016,17-Feb-2017,17-Feb-2017,1,0
823B_As-built,823B-ERS-A4-ELS-1030,"Bulk Excavation Stage 2 (+4.225mPD) (6,967m�)",TT_Task,,"ELS Works",22-Nov-2012,15-Dec-2012,23,22-Nov-2012,12-Dec-2012,20,0,-3,-13.04,01-Oct-2016,01-Oct-2016,30-Jun-2014,30-Jun-2014,1,3
823B_As-built,823B-ERS-A4-ELS-1040,"Capping Beam Westside",TT_Task,,"ELS Works",24-Nov-2012,01-Dec-2012,7,24-Nov-2012,01-Dec-2012,7,0,0,0.00,01-Oct-2016,01-Oct-2016,19-May-2014,19-May-2014,1,2
823B_As-built,823B-ERS-A4-ELS-1050,"Expose coupler",TT_Task,,"ELS Works",05-Dec-2012,18-Dec-2012,13,05-Dec-2012,18-Dec-2012,13,0,0,0.00,01-Oct-2016,01-Oct-2016,30-Jun-2014,30-Jun-2014,1,1
823B_As-built,823B-ERS-A4-ELS-1060,"Runner beam",TT_Task,,"ELS Works",10-Dec-2012,22-Dec-2012,12,10-Dec-2012,22-Dec-2012,12,0,0,0.00,01-Oct-2016,01-Oct-2016,30-Jun-2014,30-Jun-2014,1,1
823B_As-built,823B-ERS-A4-ELS-1070,"Pumping test - Stage 2",TT_Task,,"ELS Works",17-Dec-2012,08-Jan-2013,22,17-Dec-2012,08-Jan-2013,22,0,0,0.00,01-Oct-2016,01-Oct-2016,30-Jun-2014,30-Jun-2014,1,2
823B_As-built,823B-ERS-A4-ELS-1090,"Concrete Strut S2 (1,090m� conc)",TT_Task,,"ELS Works",19-Dec-2012,02-Jan-2013,14,07-Jan-2013,25-Jan-2013,18,19,4,28.57,01-Oct-2016,01-Oct-2016,30-Jun-2014,30-Jun-2014,2,1
823B_As-built,823B-ERS-A4-ELS-1100,"Columns (between Conc Strut S1 & S2) (43m� conc)",TT_Task,,"ELS Works",28-Dec-2012,07-Jan-2013,10,21-Jan-2013,29-Jan-2013,8,24,-2,-20.00,01-Oct-2016,01-Oct-2016,30-Jun-2014,30-Jun-2014,1,2
823B_As-built,823B-ERS-A4-ELS-1080,"Capping Beam Eastside",TT_Task,,"ELS Works",27-Dec-2012,08-Jan-2013,12,27-Dec-2012,08-Jan-2013,12,0,0,0.00,01-Oct-2016,01-Oct-2016,19-May-2014,19-May-2014,1,2
823B_As-built,823B-ERS-A4-ELS-1120,"Bulk excavation Stage 4 (-5.7mPD) (5,052m�)",TT_Task,,"ELS Works",01-Feb-2013,04-Feb-2013,3,16-Feb-2013,19-Feb-2013,3,15,0,0.00,01-Oct-2016,01-Oct-2016,30-Jun-2014,30-Jun-2014,1,1
823B_As-built,823B-ERS-A4-ELS-1130,"S1 Strut",TT_Task,,"ELS Works",05-Feb-2013,14-Feb-2013,9,21-Feb-2013,27-Feb-2013,6,16,-3,-33.33,01-Oct-2016,01-Oct-2016,30-Jun-2014,30-Jun-2014,1,1
823B_As-built,823B-ERS-A4-ELS-1170,"Bulk excavation Stage 4 (-5.2mPD) (2,330m�)",TT_Task,,"ELS Works",07-Feb-2013,16-Feb-2013,9,14-Mar-2013,20-Mar-2013,6,35,-3,-33.33,01-Oct-2016,01-Oct-2016,30-Jun-2014,30-Jun-2014,1,2
823B_As-built,823B-ERS-A4-ELS-1160,"S1 Strut",TT_Task,,"ELS Works",04-Feb-2013,06-Feb-2013,2,11-Mar-2013,13-Mar-2013,2,35,0,0.00,01-Oct-2016,01-Oct-2016,30-Jun-2014,30-Jun-2014,1,1
823B_As-built,823B-ERS-A4-ELS-1180,"Bulk excavation Stage 3 (-1.5mPD) (3,450m�)",TT_Task,,"ELS Works",22-Jan-2013,01-Feb-2013,10,29-Mar-2013,09-Apr-2013,11,66,1,10.00,01-Oct-2016,01-Oct-2016,30-Jun-2014,30-Jun-2014,1,1
823B_As-built,823B-ERS-A4-ELS-1200,"Bulk excavation Stage 4 (-5.2mPD) (2,330m�)",TT_Task,,"ELS Works",08-Feb-2013,18-Feb-2013,10,17-Apr-2013,23-Apr-2013,6,68,-4,-40.00,01-Oct-2016,01-Oct-2016,30-Jun-2014,30-Jun-2014,1,2
823B_As-built,823B-ERS-A4-ELS-1190,"S1 Strut",TT_Task,,"ELS Works",02-Feb-2013,07-Feb-2013,5,10-Apr-2013,16-Apr-2013,6,67,1,20.00,01-Oct-2016,01-Oct-2016,30-Jun-2014,30-Jun-2014,1,1
823B_As-built,823B-ERS-A1-RT-1030,"Running Tunnel (Bay 1) - Backfilling (269m� backfill)",TT_Task,,"Tunnel Structure",19-Jun-2013,13-Jul-2013,24,02-Dec-2013,14-Feb-2014,74,166,50,208.33,01-Oct-2016,01-Oct-2016,09-Apr-2015,09-Apr-2015,2,5
823B_As-built,823B-ERS-A1-RT-1010,"Running Tunnel (Bay 1) - WP+BS (458m� conc)",TT_Task,,"Tunnel Structure",10-May-2013,29-May-2013,19,03-Sep-2013,14-Sep-2013,11,116,-8,-42.11,01-Oct-2016,01-Oct-2016,30-Jun-2014,30-Jun-2014,1,2
823B_As-built,823B-ERS-A1-RT-1080,"Running Tunnel (Bay 4) - WP+BS (810m� conc)",TT_Task,,"Tunnel Structure",11-May-2013,29-May-2013,18,02-Oct-2013,05-Oct-2013,3,144,-15,-83.33,01-Oct-2016,01-Oct-2016,30-Jun-2014,30-Jun-2014,1,1
823B_As-built,823B-ERS-A1-RT-1120,"Running Tunnel (Bay 3) - WP+BS (810m� conc)",TT_Task,,"Tunnel Structure",30-May-2013,11-Jun-2013,12,23-Sep-2013,03-Oct-2013,10,116,-2,-16.67,01-Oct-2016,01-Oct-2016,30-Jun-2014,30-Jun-2014,1,1
823B_As-built,823B-ERS-A1-RT-1160,"Running Tunnel (Bay 2) - WP+BS (486m� conc)",TT_Task,,"Tunnel Structure",30-May-2013,18-Jun-2013,19,03-Sep-2013,18-Sep-2013,15,96,-4,-21.05,01-Oct-2016,01-Oct-2016,30-Jun-2014,30-Jun-2014,1,2
823B_As-built,823B-ERS-A1-RT-1110,"Running Tunnel (Bay 4) - Backfilling (3,289m� backfill)",TT_Task,,"Tunnel Structure",09-Jul-2013,02-Aug-2013,24,17-Feb-2014,05-Mar-2014,16,223,-8,-33.33,01-Oct-2016,01-Oct-2016,17-Feb-2017,17-Feb-2017,2,2
823B_As-built,823B-ERS-A1-RT-1200,"Running Tunnel (Bay 5 to 1) - Mass Concrete (invert & walkway) (1,812m� conc)",TT_Task,,"Tunnel Structure",02-Jul-2013,03-Aug-2013,32,02-Oct-2013,02-Dec-2013,61,92,29,90.63,01-Oct-2016,01-Oct-2016,17-Feb-2017,17-Feb-2017,1,2
823B_As-built,823B-ERS-A1-RT-1040,"Running Tunnel (Bay 5) - WP+BS (810m� conc)",TT_Task,,"Tunnel Structure",23-Apr-2013,06-May-2013,13,05-Jul-2013,18-Jul-2013,13,73,0,0.00,01-Oct-2016,01-Oct-2016,30-Jun-2014,30-Jun-2014,2,3
823B_As-built,823B-ERS-A1-RT-1070,"Running Tunnel (Bay 5) - Backfilling (3,289m� backfill)",TT_Task,,"Tunnel Structure",11-Jun-2013,08-Jul-2013,27,04-Dec-2013,31-Dec-2013,27,176,0,0.00,01-Oct-2016,01-Oct-2016,17-Feb-2017,17-Feb-2017,1,4
823B_As-built,823B-ERS-A1-RT-1050,"Running Tunnel (Bay 5) - Wall & Roof (593m� conc)",TT_Task,,"Tunnel Structure",07-May-2013,27-May-2013,20,01-Aug-2013,19-Sep-2013,49,86,29,145.00,01-Oct-2016,01-Oct-2016,30-Jun-2014,30-Jun-2014,1,3
823B_As-built,823B-ERS-A1-RT-1060,"Running Tunnel (Bay 5) - Plenum (940m� conc)",TT_Task,,"Tunnel Structure",28-May-2013,10-Jun-2013,13,23-Sep-2013,03-Dec-2013,71,118,58,446.15,01-Oct-2016,01-Oct-2016,17-Feb-2017,17-Feb-2017,1,1
823B_As-built,823B-ERS-A1-RT-1090,"Running Tunnel (Bay 4) - Wall & Roof (593m� conc)",TT_Task,,"Tunnel Structure",30-May-2013,19-Jun-2013,20,07-Oct-2013,01-Nov-2013,25,130,5,25.00,01-Oct-2016,01-Oct-2016,30-Jun-2014,30-Jun-2014,1,3
823B_As-built,823B-ERS-A1-RT-1100,"Running Tunnel (Bay 4) - Plenum (940m� conc)",TT_Task,,"Tunnel Structure",20-Jun-2013,04-Jul-2013,14,02-Jan-2014,27-Jan-2014,25,196,11,78.57,01-Oct-2016,01-Oct-2016,17-Feb-2017,17-Feb-2017,1,1
823B_As-built,823B-ERS-A1-RT-1130,"Running Tunnel (Bay 3) - Wall & Roof (921m� conc)",TT_Task,,"Tunnel Structure",13-Jun-2013,03-Jul-2013,20,03-Oct-2013,28-Nov-2013,56,112,36,180.00,01-Oct-2016,01-Oct-2016,30-Jun-2014,30-Jun-2014,1,3
823B_As-built,823B-ERS-A1-RT-1140,"Running Tunnel (Bay 3) - Plenum (954m� conc)",TT_Task,,"Tunnel Structure",04-Jul-2013,17-Jul-2013,13,02-Dec-2013,23-Jan-2014,52,151,39,300.00,01-Oct-2016,01-Oct-2016,10-May-2015,10-May-2015,1,2
823B_As-built,823B-ERS-A1-RT-1150,"Running Tunnel (Bay 3) - Backfilling (3,289m� backfill)",TT_Task,,"Tunnel Structure",18-Jul-2013,03-Aug-2013,16,24-Feb-2014,01-Sep-2014,189,221,173,1081.25,01-Oct-2016,01-Oct-2016,10-May-2015,10-May-2015,1,6
823B_As-built,823B-ERS-A1-RT-1170,"Running Tunnel (Bay 2) - Wall & Roof (553m� conc)",TT_Task,,"Tunnel Structure",19-Jun-2013,03-Jul-2013,14,23-Sep-2013,02-Nov-2013,40,96,26,185.71,01-Oct-2016,01-Oct-2016,30-Jun-2014,30-Jun-2014,1,3
823B_As-built,823B-ERS-A1-RT-1180,"Running Tunnel (Bay 2) - Plenum (486m� conc)",TT_Task,,"Tunnel Structure",04-Jul-2013,17-Jul-2013,13,04-Nov-2013,07-Dec-2013,33,123,20,153.85,01-Oct-2016,01-Oct-2016,10-May-2015,10-May-2015,1,2
823B_As-built,823B-ERS-A1-RT-1190,"Running Tunnel (Bay 2) - Backfilling (1,974m� backfill)",TT_Task,,"Tunnel Structure",18-Jul-2013,03-Aug-2013,16,24-Feb-2014,01-Sep-2014,189,221,173,1081.25,01-Oct-2016,01-Oct-2016,10-May-2015,10-May-2015,2,4
823B_As-built,823B-ERS-A1-RT-1020,"Running Tunnel (Bay 1) - Wall & Roof (521m� conc)",TT_Task,,"Tunnel Structure",30-May-2013,17-Jun-2013,18,16-Sep-2013,28-Nov-2013,73,109,55,305.56,01-Oct-2016,01-Oct-2016,30-Jun-2014,30-Jun-2014,1,3
823B_As-built,823B-ERS-A1-RT-1210,"Running Tunnel (Bay 1 to 3) - Cable bracket installation",TT_Task,,"Tunnel Structure",01-Apr-2014,25-Apr-2014,24,01-Apr-2014,25-Apr-2014,24,0,0,0.00,01-Oct-2016,01-Oct-2016,17-Feb-2017,17-Feb-2017,1,3
823B_As-built,823B-ERS-A1-RT-1220,"Running Tunnel (Bay 5 & 4) - Cable bracket installation",TT_Task,,"Tunnel Structure",01-Apr-2014,25-Apr-2014,24,01-Apr-2014,25-Apr-2014,24,0,0,0.00,01-Oct-2016,01-Oct-2016,17-Feb-2017,17-Feb-2017,2,2
823B_As-built,823B-ERS-A1-ELS-1140,"Bulk excavation Stage 7 (-6.0mpD) (5,440m�)",TT_Task,,"ELS Works",28-Mar-2013,17-Apr-2013,20,17-May-2013,03-Sep-2013,109,50,89,445.00,01-Oct-2016,01-Oct-2016,30-Jun-2014,30-Jun-2014,1,2
823B_As-built,823B-ERS-A1-ELS-1170,"Bulk excavation Stage 8 (-6.0mpD) (8,100m�)",TT_Task,,"ELS Works",11-Apr-2013,06-May-2013,25,01-Aug-2013,03-Sep-2013,33,112,8,32.00,01-Oct-2016,01-Oct-2016,30-Jun-2014,30-Jun-2014,1,2
823B_As-built,823B-ERS-A1-ELS-1020,"Bulk excavation Stage 1 (+9.5mPD) (5,811m�)",TT_Task,,"ELS Works",14-Dec-2012,19-Dec-2012,5,11-Dec-2012,05-Jan-2013,25,-3,20,400.00,01-Oct-2016,01-Oct-2016,19-May-2014,19-May-2014,3,1
823B_As-built,823B-ERS-A1-ELS-1130,"Earth Mat @ Bay 5 & 4",TT_Task,,"ELS Works",09-Apr-2013,22-Apr-2013,13,19-Jun-2013,04-Jul-2013,15,71,2,15.38,01-Oct-2016,01-Oct-2016,30-Jun-2014,30-Jun-2014,2,1
823B_As-built,823B-ERS-A1-ELS-1160,"Earth Mat @ Bay 4 & 3",TT_Task,,"ELS Works",25-Apr-2013,08-May-2013,13,03-Sep-2013,14-Sep-2013,11,131,-2,-15.38,01-Oct-2016,01-Oct-2016,30-Jun-2014,30-Jun-2014,1,1
823B_As-built,823B-ERS-A1-ELS-1190,"Earth Mat @ Bay 3",TT_Task,,"ELS Works",18-May-2013,29-May-2013,11,03-Sep-2013,14-Sep-2013,11,108,0,0.00,01-Oct-2016,01-Oct-2016,30-Jun-2014,30-Jun-2014,1,1
823B_As-built,823B-ERS-A1-ELS-1030,"S1 Strut",TT_Task,,"ELS Works",17-Dec-2012,22-Dec-2012,5,13-Dec-2012,28-Mar-2013,105,-4,100,2000.00,01-Oct-2016,01-Oct-2016,19-May-2014,19-May-2014,1,1
823B_As-built,823B-ERS-A1-ELS-1040,"Bulk excavation Stage 2 (+5.0mPD) (10,048m�)",TT_Task,,"ELS Works",24-Dec-2012,09-Jan-2013,16,07-Jan-2013,16-Feb-2013,40,14,24,150.00,01-Oct-2016,01-Oct-2016,19-May-2014,19-May-2014,1,2
823B_As-built,823B-ERS-A1-ELS-1050,"S2 Waling & Strut",TT_Task,,"ELS Works",10-Jan-2013,19-Jan-2013,9,18-Jan-2013,27-Jul-2013,190,8,181,2011.11,01-Oct-2016,01-Oct-2016,19-May-2014,19-May-2014,1,3
823B_As-built,823B-ERS-A1-ELS-1060,"Bulk excavation Stage 3 (+0.5mPD) (5,186m�)",TT_Task,,"ELS Works",29-Jan-2013,05-Feb-2013,7,05-Feb-2013,18-May-2013,102,7,95,1357.14,01-Oct-2016,01-Oct-2016,19-May-2014,19-May-2014,1,2
823B_As-built,823B-ERS-A1-ELS-1070,"S3 Waling & Strut",TT_Task,,"ELS Works",14-Feb-2013,20-Feb-2013,6,21-Feb-2013,26-Jun-2013,125,7,119,1983.33,01-Oct-2016,01-Oct-2016,19-May-2014,19-May-2014,2,2
823B_As-built,823B-ERS-A1-ELS-1080,"Bulk excavation Stage 4 (-3.5mPD) (1,058m�)",TT_Task,,"ELS Works",23-Feb-2013,25-Feb-2013,2,22-Apr-2013,30-Apr-2013,8,58,6,300.00,01-Oct-2016,01-Oct-2016,19-May-2014,19-May-2014,2,2
823B_As-built,823B-ERS-A1-ELS-1090,"S4 Waling & Strut",TT_Task,,"ELS Works",11-Mar-2013,11-Mar-2013,0,17-Jun-2013,29-Jun-2013,12,98,,,01-Oct-2016,01-Oct-2016,19-May-2014,19-May-2014,2,2
823B_As-built,823B-ERS-A1-ELS-1100,"Bulk excavation Stage 5 (-6.0mPD) (340m�)",TT_Task,,"ELS Works",12-Mar-2013,12-Mar-2013,0,08-May-2013,09-May-2013,1,57,,,01-Oct-2016,01-Oct-2016,19-May-2014,19-May-2014,2,2
823B_As-built,823B-ERS-A1-ELS-1110,"Bulk excavation Stage 6 (-6.0mPD) (3,510m�)",TT_Task,,"ELS Works",19-Mar-2013,25-Mar-2013,6,10-May-2013,16-May-2013,6,52,0,0.00,01-Oct-2016,01-Oct-2016,30-Jun-2014,30-Jun-2014,2,1
823B_As-built,823B-ERS-A1-ELS-1120,"S4 Waling & Strut",TT_Task,,"ELS Works",26-Mar-2013,27-Mar-2013,1,17-Jun-2013,18-Jun-2013,1,83,0,0.00,01-Oct-2016,01-Oct-2016,30-Jun-2014,30-Jun-2014,1,2
823B_As-built,823B-ERS-A1-ELS-1150,"S3 Strut",TT_Task,,"ELS Works",18-Apr-2013,24-Apr-2013,6,02-Jul-2013,02-Aug-2013,31,75,25,416.67,01-Oct-2016,01-Oct-2016,30-Jun-2014,30-Jun-2014,1,1
823B_As-built,823B-ERS-A1-ELS-1180,"S2, S3 & S4 Strut",TT_Task,,"ELS Works",07-May-2013,16-May-2013,9,26-Aug-2013,05-Sep-2013,10,111,1,11.11,01-Oct-2016,01-Oct-2016,30-Jun-2014,30-Jun-2014,1,1
823B_As-built,823B-ERS-A1-ELS-1200,"Bulk excavation Stage 9 (4,185m�)",TT_Task,,"ELS Works",11-Apr-2013,30-Apr-2013,19,01-Aug-2013,02-Sep-2013,32,112,13,68.42,01-Oct-2016,01-Oct-2016,30-Jun-2014,30-Jun-2014,1,1
823B_As-built,823B-ERS-A1-ELS-1210,"S2, S3 & S4 Strut",TT_Task,,"ELS Works",02-May-2013,09-May-2013,7,21-Aug-2013,28-Aug-2013,7,111,0,0.00,01-Oct-2016,01-Oct-2016,30-Jun-2014,30-Jun-2014,1,1
823B_As-built,823B-ERS-A1-ELS-1010,"Excavation (8,382m�)",TT_Task,,"ELS Works",12-Nov-2012,30-Nov-2012,18,12-Nov-2012,30-Nov-2012,18,0,0,0.00,01-Oct-2016,01-Oct-2016,19-May-2014,19-May-2014,2,1
823B_As-built,823B-ERS-A1-DW-1010,"D-wall construction (incl UU Deck, UU Deck 2 & Traffic Deck 1) (7,792m� conc)",TT_Task,,"D-Wall Construction",14-Mar-2011,13-Nov-2012,610,14-Mar-2011,13-Nov-2012,610,0,0,0.00,01-Oct-2016,01-Oct-2016,19-May-2014,19-May-2014,13,4
823B_As-built,823B-ERS-A1-DW-1020,"Pumping test",TT_Task,,"D-Wall Construction",14-Nov-2012,04-Dec-2012,20,14-Nov-2012,04-Dec-2012,20,0,0,0.00,01-Oct-2016,01-Oct-2016,19-May-2014,19-May-2014,1,2
823B_As-built,823B-ERS-BLP-0010,"Application for Blasting Permit",TT_Task,,"AREA 6 - CH124+134 to CH124+313",01-Dec-2012,17-Dec-2012,16,01-Dec-2012,17-Dec-2012,16,0,0,0.00,01-Oct-2016,01-Oct-2016,19-May-2014,19-May-2014,1,1
823B_As-built,823B-ERS-A6-ELS-1010,"Bulk excavation Stage 1 (+10.0mPD) CH124+142 to CH124+200 (8,781m�)",TT_Task,,"ELS Works",28-Sep-2012,06-Oct-2012,8,28-Sep-2012,06-Oct-2012,8,0,0,0.00,01-Oct-2016,01-Oct-2016,19-May-2014,19-May-2014,2,2
823B_As-built,823B-ERS-A6-ELS-1020,"S1 waling & strut",TT_Task,,"ELS Works",06-Oct-2012,12-Oct-2012,6,06-Oct-2012,12-Oct-2012,6,0,0,0.00,01-Oct-2016,01-Oct-2016,19-May-2014,19-May-2014,1,2
823B_As-built,823B-ERS-A6-ELS-1220,"Bulk excavation Stage 1 (+10.0mPD) CH124+200 to CH124+254 (11,709m�)",TT_Task,,"Plant Building Area",27-Oct-2012,05-Nov-2012,9,27-Oct-2012,05-Nov-2012,9,0,0,0.00,01-Oct-2016,01-Oct-2016,30-Jun-2014,30-Jun-2014,1,1
823B_As-built,823B-ERS-A6-ELS-1230,"S1 waling & strut",TT_Task,,"Plant Building Area",27-Oct-2012,19-Nov-2012,23,27-Oct-2012,19-Nov-2012,23,0,0,0.00,01-Oct-2016,01-Oct-2016,19-May-2014,19-May-2014,1,2
823B_As-built,823B-ERS-A6-ELS-1240,"Bulk excavation Stage 2 (+6.0mPD) CH124+188 to CH124+254 (29,272m�)",TT_Task,,"Plant Building Area",08-Nov-2012,30-Nov-2012,22,08-Nov-2012,30-Nov-2012,22,0,0,0.00,01-Oct-2016,01-Oct-2016,30-Jun-2014,30-Jun-2014,2,1
823B_As-built,823B-ERS-A6-ELS-1250,"S2 waling & strut",TT_Task,,"Plant Building Area",20-Nov-2012,15-Dec-2012,25,20-Nov-2012,15-Dec-2012,25,0,0,0.00,01-Oct-2016,01-Oct-2016,19-May-2014,19-May-2014,1,2
823B_As-built,823B-ERS-A6-ELS-1260,"Excavation to expose rock head (4,277m�)",TT_Task,,"Plant Building Area",01-Dec-2012,12-Dec-2012,11,01-Dec-2012,12-Dec-2012,11,0,0,0.00,01-Oct-2016,01-Oct-2016,19-May-2014,19-May-2014,1,1
823B_As-built,823B-ERS-A6-ELS-1270,"Blasting work for rock breaking for 3rd layer (5,988m�)",TT_Task,,"Plant Building Area",13-Dec-2012,31-Dec-2012,18,15-Feb-2013,23-Feb-2013,8,64,-10,-55.56,01-Oct-2016,01-Oct-2016,19-May-2014,19-May-2014,2,2
823B_As-built,823B-ERS-A6-ELS-1280,"S3 waling & strut",TT_Task,,"Plant Building Area",02-Jan-2013,15-Jan-2013,13,25-Feb-2013,09-Mar-2013,12,54,-1,-7.69,01-Oct-2016,01-Oct-2016,19-May-2014,19-May-2014,1,1
823B_As-built,823B-ERS-A6-ELS-1290,"Blasting work with Rock breaking / splitting for 4th layer (10,694m�)",TT_Task,,"Plant Building Area",16-Jan-2013,16-Feb-2013,31,21-Mar-2013,20-Apr-2013,30,64,-1,-3.23,01-Oct-2016,01-Oct-2016,19-May-2014,19-May-2014,1,2
823B_As-built,823B-ERS-A6-ELS-1300,"S4 waling & strut",TT_Task,,"Plant Building Area",18-Feb-2013,05-Mar-2013,15,22-Apr-2013,08-May-2013,16,63,1,6.67,01-Oct-2016,01-Oct-2016,19-May-2014,19-May-2014,1,2
823B_As-built,823B-ERS-A6-ELS-1310,"Rock dowel",TT_Task,,"Plant Building Area",18-Feb-2013,05-Mar-2013,15,22-Apr-2013,08-May-2013,16,63,1,6.67,01-Oct-2016,01-Oct-2016,19-May-2014,19-May-2014,2,1
823B_As-built,823B-ERS-A6-ELS-1320,"Rock splitting final level (1,711m�)",TT_Task,,"Plant Building Area",06-Mar-2013,09-Mar-2013,3,09-May-2013,18-May-2013,9,64,6,200.00,01-Oct-2016,01-Oct-2016,19-May-2014,19-May-2014,2,3
823B_As-built,823B-ERS-A6-ELS-1360,"S2 waling & strut",TT_Task,,"Crossover Area",07-Jan-2013,16-Jan-2013,9,06-May-2013,27-Jul-2013,82,119,73,811.11,01-Oct-2016,01-Oct-2016,30-Jun-2014,30-Jun-2014,1,2
823B_As-built,823B-ERS-A6-ELS-1370,"Bulk excavation Stage 3 (+1.0mPD) CH124+254 to CH124+312 (7,699m�)",TT_Task,,"Crossover Area",07-Jan-2013,26-Jan-2013,19,06-May-2013,31-May-2013,25,119,6,31.58,01-Oct-2016,01-Oct-2016,30-Jun-2014,30-Jun-2014,2,1
823B_As-built,823B-ERS-A6-ELS-1330,"Bulk excavation Stage 1 (+10.0mPD) CH124+254 to CH124+312 (1,283m�)",TT_Task,,"Crossover Area",01-Dec-2012,04-Dec-2012,3,01-Dec-2012,29-Dec-2012,28,0,25,833.33,01-Oct-2016,01-Oct-2016,30-Jun-2014,30-Jun-2014,1,1
823B_As-built,823B-ERS-A6-ELS-1340,"S1 waling & strut",TT_Task,,"Crossover Area",05-Dec-2012,18-Dec-2012,13,05-Dec-2012,13-Jul-2013,220,0,207,1592.31,01-Oct-2016,01-Oct-2016,30-Jun-2014,30-Jun-2014,1,1
823B_As-built,823B-ERS-A6-ELS-1350,"Bulk excavation Stage 2 (+6.0mPD) CH124+254 to CH124+312 (5,561m�)",TT_Task,,"Crossover Area",19-Dec-2012,05-Jan-2013,17,02-Feb-2013,31-May-2013,118,45,101,594.12,01-Oct-2016,01-Oct-2016,30-Jun-2014,30-Jun-2014,1,2
823B_As-built,823B-ERS-A6-ELS-1380,"S3 waling & strut",TT_Task,,"Crossover Area",16-Jan-2013,02-Feb-2013,17,02-Jul-2013,12-Aug-2013,41,167,24,141.18,01-Oct-2016,01-Oct-2016,30-Jun-2014,30-Jun-2014,1,1
823B_As-built,823B-ERS-A6-ELS-1390,"Bulk excavation Stage 4 (+1.0mPD) CH124+254 to CH124+312 (7,699m�)",TT_Task,,"Crossover Area",24-Jan-2013,16-Feb-2013,23,06-May-2013,31-May-2013,25,102,2,8.70,01-Oct-2016,01-Oct-2016,30-Jun-2014,30-Jun-2014,1,2
823B_As-built,823B-ERS-A6-ELS-1400,"S4 waling & strut",TT_Task,,"Crossover Area",04-Feb-2013,16-Feb-2013,12,22-Jul-2013,29-Jul-2013,7,168,-5,-41.67,01-Oct-2016,01-Oct-2016,30-Jun-2014,30-Jun-2014,1,1
823B_As-built,823B-ERS-A6-ELS-1410,"Bulk excavation for 4th layer (5,133m�)",TT_Task,,"Crossover Area",18-Feb-2013,02-Mar-2013,12,31-May-2013,31-Jul-2013,61,102,49,408.33,01-Oct-2016,01-Oct-2016,30-Jun-2014,30-Jun-2014,2,1
823B_As-built,823B-ERS-A6-ELS-1420,"S4 waling & strut",TT_Task,,"Crossover Area",04-Mar-2013,09-Mar-2013,5,27-Jul-2013,06-Aug-2013,10,145,5,100.00,01-Oct-2016,01-Oct-2016,30-Jun-2014,30-Jun-2014,1,1
823B_As-built,823B-ERS-A6-ELS-1430,"Bulk excavation to final layer (6,746m�)",TT_Task,,"Crossover Area",11-Mar-2013,28-Mar-2013,17,01-Jun-2013,21-Aug-2013,81,82,64,376.47,01-Oct-2016,01-Oct-2016,30-Jun-2014,30-Jun-2014,1,2
823B_As-built,823B-ERS-A6-ELS-1070,"Running beam",TT_Task,,"ERS Area",01-Dec-2012,03-Dec-2012,2,01-Dec-2012,03-Dec-2012,2,0,0,0.00,01-Oct-2016,01-Oct-2016,30-Jun-2014,30-Jun-2014,1,1
823B_As-built,823B-ERS-A6-ELS-1050,"Bulk excavation Stage 2 (+4.225mPD) CH124+134 to CH124+145 (5,854m�)",TT_Task,,"ERS Area",12-Nov-2012,15-Nov-2012,3,12-Nov-2012,15-Nov-2012,3,0,0,0.00,01-Oct-2016,01-Oct-2016,19-May-2014,19-May-2014,1,3
823B_As-built,823B-ERS-A6-ELS-1060,"Expose coupler",TT_Task,,"ERS Area",26-Nov-2012,28-Nov-2012,2,26-Nov-2012,28-Nov-2012,2,0,0,0.00,01-Oct-2016,01-Oct-2016,30-Jun-2014,30-Jun-2014,1,2
823B_As-built,823B-ERS-A6-ELS-1080,"Capping Beam Westside",TT_Task,,"ERS Area",13-Dec-2012,14-Dec-2012,1,13-Dec-2012,14-Dec-2012,1,0,0,0.00,01-Oct-2016,01-Oct-2016,19-May-2014,19-May-2014,1,1
823B_As-built,823B-ERS-A6-ELS-1090,"Capping Beam Eastside",TT_Task,,"ERS Area",24-Jan-2013,26-Jan-2013,2,24-Jan-2013,26-Jan-2013,2,0,0,0.00,01-Oct-2016,01-Oct-2016,19-May-2014,19-May-2014,1,1
823B_As-built,823B-ERS-A6-ELS-1030,"Concrete Strut S1 (113m� conc)",TT_Task,,"ERS Area",10-Oct-2012,16-Oct-2012,6,10-Oct-2012,16-Oct-2012,6,0,0,0.00,01-Oct-2016,01-Oct-2016,19-May-2014,19-May-2014,1,1
823B_As-built,823B-ERS-A6-ELS-1040,"S1 waling & strut (CH124+142 to CH124+145)",TT_Task,,"ERS Area",03-Nov-2012,06-Nov-2012,3,03-Nov-2012,06-Nov-2012,3,0,0,0.00,01-Oct-2016,01-Oct-2016,19-May-2014,19-May-2014,2,1
823B_As-built,823B-ERS-A6-ELS-1130,"Bulk excavation Stage 3 (CH124+142 to CH124+164) (3,422m�)",TT_Task,,"ERS Area",15-Dec-2012,24-Dec-2012,9,11-Jan-2013,19-Jan-2013,8,27,-1,-11.11,01-Oct-2016,01-Oct-2016,19-May-2014,19-May-2014,1,1
823B_As-built,823B-ERS-A6-ELS-1140,"S3 waling & strut",TT_Task,,"ERS Area",27-Dec-2012,07-Jan-2013,11,12-Jan-2013,22-Jan-2013,10,16,-1,-9.09,01-Oct-2016,01-Oct-2016,19-May-2014,19-May-2014,1,2
823B_As-built,823B-ERS-A6-ELS-1150,"Bulk excavation Stage 4 (CH124+142 to CH124+164) (3,422m�)",TT_Task,,"ERS Area",08-Jan-2013,16-Jan-2013,8,18-Jan-2013,26-Jan-2013,8,10,0,0.00,01-Oct-2016,01-Oct-2016,19-May-2014,19-May-2014,1,2
823B_As-built,823B-ERS-A6-ELS-1160,"S4 waling & strut",TT_Task,,"ERS Area",17-Jan-2013,25-Jan-2013,8,26-Jan-2013,05-Feb-2013,10,9,2,25.00,01-Oct-2016,01-Oct-2016,19-May-2014,19-May-2014,1,1
823B_As-built,823B-ERS-A6-ELS-1170,"Bulk excavation Stage 5 (CH124+142 to CH124+164) (2,566m�)",TT_Task,,"ERS Area",26-Jan-2013,01-Feb-2013,6,18-Feb-2013,23-Feb-2013,5,23,-1,-16.67,01-Oct-2016,01-Oct-2016,19-May-2014,19-May-2014,1,1
823B_As-built,823B-ERS-A6-ELS-1180,"S5 waling & strut",TT_Task,,"ERS Area",02-Feb-2013,08-Feb-2013,6,25-Feb-2013,02-Mar-2013,5,23,-1,-16.67,01-Oct-2016,01-Oct-2016,19-May-2014,19-May-2014,2,1
823B_As-built,823B-ERS-A6-ELS-1190,"Bulk excavation Stage 6 (CH124+142 to CH124+164) (3,522m�)",TT_Task,,"ERS Area",09-Feb-2013,21-Feb-2013,12,03-May-2013,11-May-2013,8,83,-4,-33.33,01-Oct-2016,01-Oct-2016,19-May-2014,19-May-2014,1,1
823B_As-built,823B-ERS-A6-ELS-1200,"S6 waling & strut",TT_Task,,"ERS Area",22-Feb-2013,02-Mar-2013,8,08-May-2013,16-May-2013,8,75,0,0.00,01-Oct-2016,01-Oct-2016,19-May-2014,19-May-2014,1,1
823B_As-built,823B-ERS-A6-ELS-1210,"Bulk excavation to final level (CH124+142 to CH124+164) (2,566m�)",TT_Task,,"ERS Area",04-Mar-2013,09-Mar-2013,5,13-May-2013,18-May-2013,5,70,0,0.00,01-Oct-2016,01-Oct-2016,19-May-2014,19-May-2014,1,1
823B_As-built,823B-ERS-A6-ELS-1100,"Concrete Strut S2 (164m� conc)",TT_Task,,"ERS Area",17-Dec-2012,22-Dec-2012,5,02-Jan-2013,07-Jan-2013,5,16,0,0.00,01-Oct-2016,01-Oct-2016,30-Jun-2014,30-Jun-2014,3,1
823B_As-built,823B-ERS-A6-ELS-1110,"Columns (between Conc Strut S1 & S2) (5m� conc)",TT_Task,,"ERS Area",24-Dec-2012,31-Dec-2012,7,08-Jan-2013,12-Jan-2013,4,15,-3,-42.86,01-Oct-2016,01-Oct-2016,30-Jun-2014,30-Jun-2014,1,1
823B_As-built,823B-ERS-A6-ELS-1120,"Bulk excavation Stage 3 (-1.5mPD) (1,372m�)",TT_Task,,"ERS Area",14-Jan-2013,14-Jan-2013,0,26-Jan-2013,26-Jan-2013,,12,,,01-Oct-2016,01-Oct-2016,30-Jun-2014,30-Jun-2014,2,1
823B_As-built,823B-ERS-A6-PBS-2000,"SPS - ABWF (Degree 1 completion- blockwork, wet trade, water tight, civil&bldg provision for DC, etc.)",TT_Task,,"ABWF Works",27-Sep-2014,29-Oct-2014,32,01-Sep-2014,01-Dec-2014,91,-26,59,184.38,01-Oct-2016,01-Oct-2016,19-May-2014,19-May-2014,3,5
823B_As-built,823B-ERS-A6-PBS-3000,"SPS - ABWF (Degree 2 completion - permanent door frame, Wall, floor, ceiling to DC rooms, etc.)",TT_Task,,"ABWF Works",25-Oct-2014,17-Feb-2015,115,25-Oct-2014,13-Feb-2015,111,0,-4,-3.48,01-Oct-2016,01-Oct-2016,19-May-2014,19-May-2014,1,3
823B_As-built,823B-ERS-A6-PBS-4000,"SPS - ABWF (Degree 3 completion - door ironmongery, signage, louvre, painting, tiling, etc.)",TT_Task,,"ABWF Works",14-Feb-2015,18-Apr-2015,63,14-Feb-2015,01-Sep-2015,199,0,136,215.87,01-Oct-2016,01-Oct-2016,17-Feb-2017,17-Feb-2017,1,1
823B_As-built,823B-ERS-A6-PBS-1010,"SPS Superstructure - Ground Level Slab (95m� conc)",TT_Task,,"Plant Building South",15-Apr-2014,26-Apr-2014,11,15-Apr-2014,26-Apr-2014,11,0,0,0.00,01-Oct-2016,01-Oct-2016,19-May-2014,19-May-2014,3,1
823B_As-built,823B-ERS-A6-PBS-1020,"SPS Superstructure - Gound Level Wall + Columns (135m� conc)",TT_Task,,"Plant Building South",28-Apr-2014,19-May-2014,21,28-Apr-2014,04-Aug-2014,98,0,77,366.67,01-Oct-2016,01-Oct-2016,19-May-2014,19-May-2014,1,1
823B_As-built,823B-ERS-A6-PBS-1030,"SPS Superstructure - U1 Level Slab @ +21.2mPD (273m� conc)",TT_Task,,"Plant Building South",23-Jun-2014,12-Jul-2014,19,23-Jun-2014,06-Aug-2014,44,0,25,131.58,01-Oct-2016,01-Oct-2016,19-May-2014,19-May-2014,1,2
823B_As-built,823B-ERS-A6-PBS-1040,"SPS Superstructure - U2 Level Wall (102m� conc)",TT_Task,,"Plant Building South",01-Sep-2014,26-Sep-2014,25,01-Sep-2014,30-Sep-2014,29,0,4,16.00,01-Oct-2016,01-Oct-2016,19-May-2014,19-May-2014,1,2
823B_As-built,823B-ERS-A6-PBS-1050,"SPS Superstructure - U2 Level Slab @ +28.2mPD (176m� conc)",TT_Task,,"Plant Building South",27-Sep-2014,20-Oct-2014,23,17-Sep-2014,18-Oct-2014,31,-10,8,34.78,01-Oct-2016,01-Oct-2016,21-Sep-2014,21-Sep-2014,1,3
823B_As-built,823B-ERS-A6-DW-1010,"D-wall construction completed (incl. pumping test, socket H-Pile) (10,781m� conc)",TT_Task,,"D-Wall Construction",15-Mar-2011,27-Sep-2012,562,15-Mar-2011,27-Sep-2012,562,0,0,0.00,01-Oct-2016,01-Oct-2016,19-May-2014,19-May-2014,20,5
823B_As-built,823B-ERS-A6-RT-1010,"Earth Mat @ Bay 31 to Bay 34",TT_Task,,"Tunnel Structure",11-Mar-2013,19-Mar-2013,8,11-Mar-2013,19-Mar-2013,8,0,0,0.00,01-Oct-2016,01-Oct-2016,19-May-2014,19-May-2014,3,4
823B_As-built,823B-ERS-A6-RT-1020,"Running Tunnel (Bay 31) - Pile head",TT_Task,,"Tunnel Structure",20-Mar-2013,23-Mar-2013,3,01-Aug-2013,05-Aug-2013,4,134,1,33.33,01-Oct-2016,01-Oct-2016,30-Jun-2014,30-Jun-2014,1,1
823B_As-built,823B-ERS-A6-RT-1300,"Running Tunnel (Bay 35) - Base Slab (482m� conc)",TT_Task,,"Tunnel Structure",18-Mar-2013,06-Apr-2013,19,08-Jul-2013,23-Jul-2013,15,112,-4,-21.05,01-Oct-2016,01-Oct-2016,19-May-2014,19-May-2014,1,3
823B_As-built,823B-ERS-A6-RT-1310,"Running Tunnel (Bay 35) - Wall (320m� conc)",TT_Task,,"Tunnel Structure",08-Apr-2013,16-Apr-2013,8,02-Sep-2013,07-Sep-2013,5,147,-3,-37.50,01-Oct-2016,01-Oct-2016,30-Jun-2014,30-Jun-2014,1,1
823B_As-built,823B-ERS-A6-RT-1320,"Running Tunnel (Bay 35) - Roof Slab (193m� conc)",TT_Task,,"Tunnel Structure",17-Apr-2013,03-May-2013,16,11-Sep-2013,25-Sep-2013,14,147,-2,-12.50,01-Oct-2016,01-Oct-2016,30-Jun-2014,30-Jun-2014,1,2
823B_As-built,823B-ERS-A6-RT-1040,"Running Tunnel (Bay 31) - Remove Strut S1, RB, KP",TT_Task,,"Tunnel Structure",02-May-2013,08-May-2013,6,16-Sep-2013,05-Oct-2013,19,137,13,216.67,01-Oct-2016,01-Oct-2016,10-May-2015,10-May-2015,1,2
823B_As-built,823B-ERS-A6-RT-1030,"Running Tunnel (Bay 31) - WP+BS+Columns+Platform (513m� conc)",TT_Task,,"Tunnel Structure",25-Mar-2013,30-Apr-2013,36,06-Aug-2013,11-Sep-2013,36,134,0,0.00,01-Oct-2016,01-Oct-2016,30-Jun-2014,30-Jun-2014,1,3
823B_As-built,823B-ERS-A6-RT-1100,"Running Tunnel (Bay 32) - Sump pit (359m� conc)",TT_Task,,"Tunnel Structure",27-Mar-2013,11-Apr-2013,15,08-Jun-2013,20-Jul-2013,42,73,27,180.00,01-Oct-2016,01-Oct-2016,19-May-2014,19-May-2014,2,3
823B_As-built,823B-ERS-A6-RT-1110,"Running Tunnel (Bay 32) - Base Slab (1,033m� conc)",TT_Task,,"Tunnel Structure",12-Apr-2013,03-May-2013,21,21-Jun-2013,02-Oct-2013,103,70,82,390.48,01-Oct-2016,01-Oct-2016,19-May-2014,19-May-2014,2,2
823B_As-built,823B-ERS-A6-RT-1120,"Running Tunnel (Bay 32) - Wall (419m� conc)",TT_Task,,"Tunnel Structure",04-May-2013,16-May-2013,12,12-Sep-2013,10-Oct-2013,28,131,16,133.33,01-Oct-2016,01-Oct-2016,19-May-2014,19-May-2014,2,1
823B_As-built,823B-ERS-A6-RT-1130,"Running Tunnel (Bay 32) - Roof Slab (413m� conc)",TT_Task,,"Tunnel Structure",18-May-2013,24-Jun-2013,37,11-Oct-2013,09-Nov-2013,29,146,-8,-21.62,01-Oct-2016,01-Oct-2016,19-May-2014,19-May-2014,1,3
823B_As-built,823B-ERS-A6-RT-1140,"Running Tunnel (Bay 32) - Column (187m� conc)",TT_Task,,"Tunnel Structure",25-Jun-2013,02-Jul-2013,7,11-Nov-2013,11-Jan-2014,61,139,54,771.43,01-Oct-2016,01-Oct-2016,19-May-2014,19-May-2014,1,1
823B_As-built,823B-ERS-A6-RT-1150,"Running Tunnel (Bay 32) - Plenum (638m� conc)",TT_Task,,"Tunnel Structure",03-Jul-2013,11-Jul-2013,8,13-Jan-2014,25-Apr-2014,102,194,94,1175.00,01-Oct-2016,01-Oct-2016,19-May-2014,19-May-2014,1,4
823B_As-built,823B-ERS-A6-RT-1160,"Running Tunnel (Bay 33) - Pile head",TT_Task,,"Tunnel Structure",05-Apr-2013,11-Apr-2013,6,14-Jun-2013,20-Jun-2013,6,70,0,0.00,01-Oct-2016,01-Oct-2016,19-May-2014,19-May-2014,2,2
823B_As-built,823B-ERS-A6-RT-1170,"Running Tunnel (Bay 33) - Sump pit (363m�)",TT_Task,,"Tunnel Structure",12-Apr-2013,23-Apr-2013,11,21-Jun-2013,23-Jul-2013,32,70,21,190.91,01-Oct-2016,01-Oct-2016,19-May-2014,19-May-2014,1,1
823B_As-built,823B-ERS-A6-RT-1180,"Running Tunnel (Bay 33) - Base Slab (1,045m� conc)",TT_Task,,"Tunnel Structure",24-Apr-2013,15-May-2013,21,29-Jun-2013,02-Oct-2013,95,66,74,352.38,01-Oct-2016,01-Oct-2016,19-May-2014,19-May-2014,1,1
823B_As-built,823B-ERS-A6-RT-1190,"Running Tunnel (Bay 33) - Wall (423m� conc)",TT_Task,,"Tunnel Structure",16-May-2013,29-May-2013,13,12-Oct-2013,31-Oct-2013,19,149,6,46.15,01-Oct-2016,01-Oct-2016,19-May-2014,19-May-2014,1,1
823B_As-built,823B-ERS-A6-RT-1200,"Running Tunnel (Bay 33) - Roof Slab (418m� conc)",TT_Task,,"Tunnel Structure",30-May-2013,06-Jul-2013,37,25-Oct-2013,03-Dec-2013,39,148,2,5.41,01-Oct-2016,01-Oct-2016,19-May-2014,19-May-2014,1,4
823B_As-built,823B-ERS-A6-RT-1210,"Running Tunnel (Bay 33) - Column (187m� conc)",TT_Task,,"Tunnel Structure",08-Jul-2013,13-Jul-2013,5,11-Nov-2013,04-Apr-2014,144,126,139,2780.00,01-Oct-2016,01-Oct-2016,19-May-2014,19-May-2014,1,1
823B_As-built,823B-ERS-A6-RT-1220,"Running Tunnel (Bay 33) - Plenum (638m� conc)",TT_Task,,"Tunnel Structure",04-Apr-2014,14-Apr-2014,10,07-Apr-2014,14-Apr-2014,7,3,-3,-30.00,01-Oct-2016,01-Oct-2016,19-May-2014,19-May-2014,1,4
823B_As-built,823B-ERS-A6-RT-1290,"Running Tunnel (Bay 35) - Pile head",TT_Task,,"Tunnel Structure",11-Mar-2013,16-Mar-2013,5,29-Jun-2013,06-Jul-2013,7,110,2,40.00,01-Oct-2016,01-Oct-2016,19-May-2014,19-May-2014,1,2
823B_As-built,823B-ERS-A6-RT-1330,"Running Tunnel (Bay 35) - Plenum (Wall) (78m� conc)",TT_Task,,"Tunnel Structure",04-May-2013,10-May-2013,6,02-Oct-2013,19-Oct-2013,17,151,11,183.33,01-Oct-2016,01-Oct-2016,30-Jun-2014,30-Jun-2014,2,1
823B_As-built,823B-ERS-A6-RT-1340,"Running Tunnel (Bay 35) - Plenum (Roof) (482m� conc)",TT_Task,,"Tunnel Structure",11-May-2013,21-May-2013,10,22-Oct-2013,02-Dec-2013,41,164,31,310.00,01-Oct-2016,01-Oct-2016,30-Jun-2014,30-Jun-2014,1,2
823B_As-built,823B-ERS-A6-RT-1350,"Running Tunnel (Bay 35 & 36) - Backfilling (2,190m� backfill)",TT_Task,,"Tunnel Structure",24-Jul-2013,03-Aug-2013,10,13-Jan-2014,14-Jun-2014,152,173,142,1420.00,01-Oct-2016,01-Oct-2016,30-Jun-2014,30-Jun-2014,2,3
823B_As-built,823B-ERS-A6-RT-1360,"Earth Mat @ Bay 36 & 37",TT_Task,,"Tunnel Structure",18-Mar-2013,23-Mar-2013,5,28-Jun-2013,05-Jul-2013,7,102,2,40.00,01-Oct-2016,01-Oct-2016,30-Jun-2014,30-Jun-2014,2,2
823B_As-built,823B-ERS-A6-RT-1380,"Running Tunnel (Bay 36) - Stitch Joint (247m� conc)",TT_Task,,"Tunnel Structure",08-Jul-2013,23-Jul-2013,15,29-Jul-2013,10-Jan-2014,165,21,150,1000.00,01-Oct-2016,01-Oct-2016,30-Jun-2014,30-Jun-2014,2,2
823B_As-built,823B-ERS-A6-RT-1390,"Running Tunnel (Bay 37) - Base Slab (810m� conc)",TT_Task,,"Tunnel Structure",08-Apr-2013,19-Apr-2013,11,06-Jul-2013,18-Jul-2013,12,89,1,9.09,01-Oct-2016,01-Oct-2016,30-Jun-2014,30-Jun-2014,2,2
823B_As-built,823B-ERS-A6-RT-1400,"Running Tunnel (Bay 37) - Wall (538m� conc)",TT_Task,,"Tunnel Structure",20-Apr-2013,26-Apr-2013,6,01-Aug-2013,29-Aug-2013,28,103,22,366.67,01-Oct-2016,01-Oct-2016,30-Jun-2014,30-Jun-2014,1,1
823B_As-built,823B-ERS-A6-RT-1410,"Running Tunnel (Bay 37) - Roof Slab (324m� conc)",TT_Task,,"Tunnel Structure",27-Apr-2013,06-May-2013,9,11-Sep-2013,18-Sep-2013,7,137,-2,-22.22,01-Oct-2016,01-Oct-2016,30-Jun-2014,30-Jun-2014,1,1
823B_As-built,823B-ERS-A6-RT-1050,"Running Tunnel (Bay 31) - Mass Concrete (invert & walkway) (94m� conc)",TT_Task,,"Tunnel Structure",09-May-2013,18-May-2013,9,07-Oct-2013,01-Nov-2013,25,151,16,177.78,01-Oct-2016,01-Oct-2016,17-Feb-2017,17-Feb-2017,1,3
823B_As-built,823B-ERS-A6-RT-1060,"Running Tunnel (Bay 31) - Staircase (110m� conc)",TT_Task,,"Tunnel Structure",02-May-2013,04-Jun-2013,33,02-Oct-2013,01-Mar-2014,150,153,117,354.55,01-Oct-2016,01-Oct-2016,17-Feb-2017,17-Feb-2017,1,2
823B_As-built,823B-ERS-A6-RT-1070,"Running Tunnel (Bay 31) - Steel frame installation",TT_Task,,"Tunnel Structure",10-Oct-2014,30-Oct-2014,20,02-Jul-2013,04-Sep-2014,429,-465,409,2045.00,01-Oct-2016,01-Oct-2016,10-May-2015,10-May-2015,3,1
823B_As-built,823B-ERS-A6-RT-1080,"Running Tunnel (Bay 31) - Noise absorption panels",TT_Task,,"Tunnel Structure",06-Nov-2014,12-Nov-2014,6,08-Jul-2013,08-Sep-2014,427,-486,421,7016.67,01-Oct-2016,01-Oct-2016,10-May-2015,10-May-2015,2,1
823B_As-built,823B-ERS-A6-RT-1090,"Running Tunnel (Bay 32) - Pile head",TT_Task,,"Tunnel Structure",20-Mar-2013,26-Mar-2013,6,01-Jun-2013,07-Jun-2013,6,73,0,0.00,01-Oct-2016,01-Oct-2016,19-May-2014,19-May-2014,1,2
823B_As-built,823B-ERS-A6-RT-1230,"Running Tunnel (Bay 34) - Pile head",TT_Task,,"Tunnel Structure",12-Apr-2013,18-Apr-2013,6,14-Jun-2013,20-Jun-2013,6,63,0,0.00,01-Oct-2016,01-Oct-2016,19-May-2014,19-May-2014,2,1
823B_As-built,823B-ERS-A6-RT-1240,"Running Tunnel (Bay 34) - Base Slab (1,045m� conc)",TT_Task,,"Tunnel Structure",19-Apr-2013,10-May-2013,21,21-Jun-2013,12-Jul-2013,21,63,0,0.00,01-Oct-2016,01-Oct-2016,19-May-2014,19-May-2014,2,2
823B_As-built,823B-ERS-A6-RT-1250,"Running Tunnel (Bay 34) - Wall (423m� conc)",TT_Task,,"Tunnel Structure",11-May-2013,24-May-2013,13,02-Sep-2013,19-Oct-2013,47,114,34,261.54,01-Oct-2016,01-Oct-2016,19-May-2014,19-May-2014,1,1
823B_As-built,823B-ERS-A6-RT-1260,"Running Tunnel (Bay 34) - Roof Slab (418m� conc)",TT_Task,,"Tunnel Structure",25-May-2013,02-Jul-2013,38,03-Oct-2013,01-Nov-2013,29,131,-9,-23.68,01-Oct-2016,01-Oct-2016,19-May-2014,19-May-2014,1,4
823B_As-built,823B-ERS-A6-RT-1270,"Running Tunnel (Bay 34) - Column (187m� conc)",TT_Task,,"Tunnel Structure",03-Jul-2013,09-Jul-2013,6,02-Nov-2013,01-Apr-2014,150,122,144,2400.00,01-Oct-2016,01-Oct-2016,19-May-2014,19-May-2014,1,1
823B_As-built,823B-ERS-A6-RT-1280,"Running Tunnel (Bay 34) - Plenum (638m� conc)",TT_Task,,"Tunnel Structure",02-Apr-2014,11-Apr-2014,9,02-Apr-2014,17-Apr-2014,15,0,6,66.67,01-Oct-2016,01-Oct-2016,19-May-2014,19-May-2014,1,3
823B_As-built,823B-ERS-A6-RT-1420,"Running Tunnel (Bay 37) - Plenum (Wall) (130m� conc)",TT_Task,,"Tunnel Structure",07-May-2013,13-May-2013,6,02-Oct-2013,22-Oct-2013,20,148,14,233.33,01-Oct-2016,01-Oct-2016,30-Jun-2014,30-Jun-2014,1,1
823B_As-built,823B-ERS-A6-RT-1430,"Running Tunnel (Bay 37) - Plenum (Roof) (810m� conc)",TT_Task,,"Tunnel Structure",14-May-2013,22-May-2013,8,01-Nov-2013,08-Nov-2013,7,171,-1,-12.50,01-Oct-2016,01-Oct-2016,30-Jun-2014,30-Jun-2014,1,3
823B_As-built,823B-ERS-A6-RT-1450,"Running Tunnel (Bay 38) - Base Slab (810m�)",TT_Task,,"Tunnel Structure",20-Apr-2013,03-May-2013,13,01-Aug-2013,16-Aug-2013,15,103,2,15.38,01-Oct-2016,01-Oct-2016,30-Jun-2014,30-Jun-2014,1,1
823B_As-built,823B-ERS-A6-RT-1460,"Running Tunnel (Bay 38) - Wall (269m�)",TT_Task,,"Tunnel Structure",04-May-2013,10-May-2013,6,02-Sep-2013,17-Sep-2013,15,121,9,150.00,01-Oct-2016,01-Oct-2016,30-Jun-2014,30-Jun-2014,1,1
823B_As-built,823B-ERS-A6-RT-1470,"Running Tunnel (Bay 38) - Roof Slab (324m�)",TT_Task,,"Tunnel Structure",11-May-2013,20-May-2013,9,16-Sep-2013,26-Sep-2013,10,128,1,11.11,01-Oct-2016,01-Oct-2016,30-Jun-2014,30-Jun-2014,1,1
823B_As-built,823B-ERS-A6-RT-1480,"Running Tunnel (Bay 38) - Plenum (Wall) (130m�)",TT_Task,,"Tunnel Structure",21-May-2013,27-May-2013,6,02-Oct-2013,22-Oct-2013,20,134,14,233.33,01-Oct-2016,01-Oct-2016,30-Jun-2014,30-Jun-2014,1,1
823B_As-built,823B-ERS-A6-RT-1490,"Running Tunnel (Bay 38) - Plenum (Roof) (810m�)",TT_Task,,"Tunnel Structure",28-May-2013,04-Jun-2013,7,01-Nov-2013,11-Dec-2013,40,157,33,471.43,01-Oct-2016,01-Oct-2016,30-Jun-2014,30-Jun-2014,1,3
823B_As-built,823B-ERS-A6-RT-1520,"Running Tunnel (Bay 41) - Base Slab (725m� conc)",TT_Task,,"Tunnel Structure",02-Apr-2013,15-Apr-2013,13,02-Sep-2013,05-Sep-2013,3,153,-10,-76.92,01-Oct-2016,01-Oct-2016,30-Jun-2014,30-Jun-2014,1,2
823B_As-built,823B-ERS-A6-RT-1530,"Running Tunnel (Bay 41) - Wall (240m� conc)",TT_Task,,"Tunnel Structure",16-Apr-2013,22-Apr-2013,6,06-Aug-2013,17-Oct-2013,72,112,66,1100.00,01-Oct-2016,01-Oct-2016,30-Jun-2014,30-Jun-2014,1,1
823B_As-built,823B-ERS-A6-RT-1540,"Running Tunnel (Bay 41) - Roof Slab (291m� conc)",TT_Task,,"Tunnel Structure",23-Apr-2013,30-Apr-2013,7,16-Oct-2013,02-Nov-2013,17,176,10,142.86,01-Oct-2016,01-Oct-2016,30-Jun-2014,30-Jun-2014,1,1
823B_As-built,823B-ERS-A6-RT-1550,"Running Tunnel (Bay 41) - Plenum (Wall) (1,131m� conc)",TT_Task,,"Tunnel Structure",07-May-2013,13-May-2013,6,04-Nov-2013,23-Nov-2013,19,181,13,216.67,01-Oct-2016,01-Oct-2016,30-Jun-2014,30-Jun-2014,2,1
823B_As-built,823B-ERS-A6-RT-1560,"Running Tunnel (Bay 41) - Plenum (Roof) (725m� conc)",TT_Task,,"Tunnel Structure",14-May-2013,22-May-2013,8,25-Nov-2013,14-Dec-2013,19,195,11,137.50,01-Oct-2016,01-Oct-2016,30-Jun-2014,30-Jun-2014,1,5
823B_As-built,823B-ERS-A6-RT-1510,"Earth Mat @ Bay 39 & 40",TT_Task,,"Tunnel Structure",02-Apr-2013,13-Apr-2013,11,02-Apr-2013,13-Apr-2013,11,0,0,0.00,01-Oct-2016,01-Oct-2016,30-Jun-2014,30-Jun-2014,1,2
823B_As-built,823B-ERS-A6-RT-1570,"Running Tunnel (Bay 40) - Base Slab (810m� conc)",TT_Task,,"Tunnel Structure",16-Apr-2013,27-Apr-2013,11,02-Sep-2013,10-Sep-2013,8,139,-3,-27.27,01-Oct-2016,01-Oct-2016,30-Jun-2014,30-Jun-2014,2,2
823B_As-built,823B-ERS-A6-RT-1580,"Running Tunnel (Bay 40) - Wall (269m� conc)",TT_Task,,"Tunnel Structure",29-Apr-2013,06-May-2013,7,16-Sep-2013,02-Oct-2013,16,140,9,128.57,01-Oct-2016,01-Oct-2016,30-Jun-2014,30-Jun-2014,1,1
823B_As-built,823B-ERS-A6-RT-1590,"Running Tunnel (Bay 40) - Roof Slab (324m� conc)",TT_Task,,"Tunnel Structure",07-May-2013,14-May-2013,7,03-Oct-2013,21-Oct-2013,18,149,11,157.14,01-Oct-2016,01-Oct-2016,30-Jun-2014,30-Jun-2014,1,2
823B_As-built,823B-ERS-A6-RT-1600,"Running Tunnel (Bay 40) - Plenum (Wall) (1,264m� conc)",TT_Task,,"Tunnel Structure",15-May-2013,22-May-2013,7,22-Oct-2013,21-Nov-2013,30,160,23,328.57,01-Oct-2016,01-Oct-2016,30-Jun-2014,30-Jun-2014,1,1
823B_As-built,823B-ERS-A6-RT-1610,"Running Tunnel (Bay 40) - Plenum (Roof) (810m� conc)",TT_Task,,"Tunnel Structure",23-May-2013,30-May-2013,7,22-Nov-2013,09-Dec-2013,17,183,10,142.86,01-Oct-2016,01-Oct-2016,30-Jun-2014,30-Jun-2014,1,3
823B_As-built,823B-ERS-A6-RT-1630,"Running Tunnel (Bay 39) - Base Slab (829m� conc)",TT_Task,,"Tunnel Structure",29-Apr-2013,11-May-2013,12,16-Aug-2013,28-Aug-2013,12,109,0,0.00,01-Oct-2016,01-Oct-2016,30-Jun-2014,30-Jun-2014,2,1
823B_As-built,823B-ERS-A6-RT-1640,"Running Tunnel (Bay 39) - Wall (278m� conc)",TT_Task,,"Tunnel Structure",13-May-2013,20-May-2013,7,20-Sep-2013,27-Sep-2013,7,130,0,0.00,01-Oct-2016,01-Oct-2016,30-Jun-2014,30-Jun-2014,1,1
823B_As-built,823B-ERS-A6-RT-1650,"Running Tunnel (Bay 39) - Roof Slab (336m� conc)",TT_Task,,"Tunnel Structure",21-May-2013,28-May-2013,7,02-Oct-2013,07-Nov-2013,36,134,29,414.29,01-Oct-2016,01-Oct-2016,30-Jun-2014,30-Jun-2014,1,1
823B_As-built,823B-ERS-A6-RT-1660,"Running Tunnel (Bay 39) - Plenum (Wall) (134m� conc)",TT_Task,,"Tunnel Structure",29-May-2013,04-Jun-2013,6,08-Nov-2013,29-Nov-2013,21,163,15,250.00,01-Oct-2016,01-Oct-2016,30-Jun-2014,30-Jun-2014,1,1
823B_As-built,823B-ERS-A6-RT-1670,"Running Tunnel (Bay 39) - Plenum (Roof) (839m� conc)",TT_Task,,"Tunnel Structure",05-Jun-2013,13-Jun-2013,8,30-Nov-2013,17-Dec-2013,17,178,9,112.50,01-Oct-2016,01-Oct-2016,30-Jun-2014,30-Jun-2014,1,3
823B_As-built,823B-ERS-A6-RT-1620,"Running Tunnel (Bay 40) - Backfilling (3,289m� backfill)",TT_Task,,"Tunnel Structure",31-May-2013,17-Jun-2013,17,02-Jan-2014,07-Jun-2014,156,216,139,817.65,01-Oct-2016,01-Oct-2016,30-Jun-2014,30-Jun-2014,1,3
823B_As-built,823B-ERS-A6-RT-1680,"Running Tunnel (Bay 39) - Backfilling (3,404m� backfill)",TT_Task,,"Tunnel Structure",14-Jun-2013,27-Jun-2013,13,02-Jan-2014,06-Jun-2014,155,202,142,1092.31,01-Oct-2016,01-Oct-2016,30-Jun-2014,30-Jun-2014,1,2
823B_As-built,823B-ERS-A6-RT-1440,"Running Tunnel (Bay 37) - Backfilling (3,289m� backfill)",TT_Task,,"Tunnel Structure",23-May-2013,14-Jun-2013,22,13-Jan-2014,10-Jun-2014,148,235,126,572.73,01-Oct-2016,01-Oct-2016,30-Jun-2014,30-Jun-2014,1,4
823B_As-built,823B-ERS-A6-RT-1500,"Running Tunnel (Bay 38) - Backfilling (3,289m� backfill)",TT_Task,,"Tunnel Structure",05-Jun-2013,21-Jun-2013,16,13-Jan-2014,07-Jun-2014,145,222,129,806.25,01-Oct-2016,01-Oct-2016,30-Jun-2014,30-Jun-2014,1,4
823B_As-built,823B-ERS-A6-RT-1370,"Settlement Monitoring",TT_Task,,"Tunnel Structure",28-Jun-2013,06-Jul-2013,8,02-Jan-2014,09-Jan-2014,7,188,-1,-12.50,01-Oct-2016,01-Oct-2016,30-Jun-2014,30-Jun-2014,4,1
823B_As-built,823B-ERS-A6-RT-1065,"Running Tunnel (Bay 31) - Cable bracket installation",TT_Task,,"Tunnel Structure",20-May-2013,01-Jun-2013,12,11-Jan-2014,22-Jan-2014,11,236,-1,-8.33,01-Oct-2016,01-Oct-2016,17-Feb-2017,17-Feb-2017,1,2
823B_As-built,823B-ERS-A6-RT-1282,"Running Tunnel (Bay 32 to 34) - Mass concrete (invert & walkway)",TT_Task,,"Tunnel Structure",08-Jul-2013,27-Jul-2013,19,06-Dec-2013,13-Jan-2014,38,151,19,100.00,01-Oct-2016,01-Oct-2016,17-Feb-2017,17-Feb-2017,3,2
823B_As-built,823B-ERS-A6-RT-1284,"Running Tunnel (Bay 32 to 34) - Cable bracket installation",TT_Task,,"Tunnel Structure",15-Jul-2013,03-Aug-2013,19,21-Feb-2014,26-Feb-2014,5,221,-14,-73.68,01-Oct-2016,01-Oct-2016,17-Feb-2017,17-Feb-2017,3,2
823B_As-built,823B-ERS-A6-RT-1382,"Running Tunnel (Bay 36) - Mass concrete (invert & walkway)",TT_Task,,"Tunnel Structure",24-Jul-2013,29-Jul-2013,5,03-Aug-2013,08-Aug-2013,5,10,0,0.00,01-Oct-2016,01-Oct-2016,17-Feb-2017,17-Feb-2017,1,1
823B_As-built,823B-ERS-A6-RT-1384,"Running Tunnel (Bay 36) - Cable bracket instalation",TT_Task,,"Tunnel Structure",30-Jul-2013,03-Aug-2013,4,29-Jan-2014,03-Feb-2014,5,183,1,25.00,01-Oct-2016,01-Oct-2016,17-Feb-2017,17-Feb-2017,1,2
823B_As-built,823B-ERS-A6-RT-1502,"Running Tunnel (Bay 35, 37 & 38) - Mass concrete (invert & walkway)",TT_Task,,"Tunnel Structure",10-Jun-2013,02-Jul-2013,22,12-Sep-2013,03-Oct-2013,21,94,-1,-4.55,01-Oct-2016,01-Oct-2016,17-Feb-2017,17-Feb-2017,3,1
823B_As-built,823B-ERS-A6-RT-1504,"Running Tunnel (Bay 35, 37 & 38) - Cable bracket installation",TT_Task,,"Tunnel Structure",25-Jun-2013,16-Jul-2013,21,13-Jan-2014,29-Jan-2014,16,202,-5,-23.81,01-Oct-2016,01-Oct-2016,17-Feb-2017,17-Feb-2017,1,2
823B_As-built,823B-ERS-A6-RT-1682,"Running Tunnel (Bay 41 to 39) - Mass concrete (invert & walkway)",TT_Task,,"Tunnel Structure",10-Jun-2013,02-Jul-2013,22,28-Sep-2013,19-Oct-2013,21,110,-1,-4.55,01-Oct-2016,01-Oct-2016,17-Feb-2017,17-Feb-2017,3,1
823B_As-built,823B-ERS-A6-RT-1684,"Running Tunnel (Bay 41 to 39) - Cable bracket installation",TT_Task,,"Tunnel Structure",25-Jun-2013,16-Jul-2013,21,13-Jan-2014,29-Jan-2014,16,202,-5,-23.81,01-Oct-2016,01-Oct-2016,17-Feb-2017,17-Feb-2017,1,2
823B_As-built,823B-K-TKW-1010,"Design for receiving and stockpiling the spoil",TT_Task,,"TO KAU WAN STOCKPILING FACILITIES",25-Oct-2010,06-Nov-2010,12,25-Oct-2010,06-Nov-2010,12,0,0,0.00,01-Oct-2016,01-Oct-2016,17-Feb-2017,17-Feb-2017,1,1
823B_As-built,823B-K-TKW-1020,"Approval of design for receiving and stockpiling the spoil",TT_Task,,"TO KAU WAN STOCKPILING FACILITIES",08-Nov-2010,04-Dec-2010,26,08-Nov-2010,04-Dec-2010,26,0,0,0.00,01-Oct-2016,01-Oct-2016,17-Feb-2017,17-Feb-2017,1,3
823B_As-built,823B-K-TKW-1080,"Construct all facilities and ready for receiving spoil",TT_Task,,"TO KAU WAN STOCKPILING FACILITIES",04-Jan-2011,10-Feb-2011,37,04-Jan-2011,10-Feb-2011,37,0,0,0.00,01-Oct-2016,01-Oct-2016,17-Feb-2017,17-Feb-2017,7,2
823B_As-built,823B-K-TKW-1090,"Obtain Engineer's confirmation of satisfatory management of stockpiling facility",TT_Task,,"TO KAU WAN STOCKPILING FACILITIES",11-Feb-2011,27-May-2011,105,11-Feb-2011,27-May-2011,105,0,0,0.00,01-Oct-2016,01-Oct-2016,17-Feb-2017,17-Feb-2017,1,2
823B_As-built,823B-K-TKW-1100,"Approval of interim survey to demonstrate stockpiling minimum of 250,000 m� spoil",TT_Task,,"TO KAU WAN STOCKPILING FACILITIES",28-May-2011,16-Sep-2011,111,28-May-2011,16-Sep-2011,111,0,0,0.00,01-Oct-2016,01-Oct-2016,17-Feb-2017,17-Feb-2017,1,1
823B_As-built,823B-K-TKW-1110,"Approval of final survey to demonstrate stockpiling minimum of 350,000 m� spoil",TT_Task,,"TO KAU WAN STOCKPILING FACILITIES",17-Sep-2011,10-Dec-2011,84,17-Sep-2011,10-Dec-2011,84,0,0,0.00,01-Oct-2016,01-Oct-2016,17-Feb-2017,17-Feb-2017,1,3
823B_As-built,823B-K-TKW-1120,"Erosion protection measures; drainage system; and remove all temporary facilities as required by the Engineer",TT_Task,,"TO KAU WAN STOCKPILING FACILITIES",12-Dec-2011,13-Jan-2012,32,12-Dec-2011,13-Jan-2012,32,0,0,0.00,01-Oct-2016,01-Oct-2016,17-Feb-2017,17-Feb-2017,1,1
823B_As-built,823B-K-TKW-1070,"Obtain Statutory Approval",TT_Task,,"TO KAU WAN STOCKPILING FACILITIES",06-Dec-2010,12-Jan-2011,37,05-Dec-2010,03-Jan-2011,29,-1,-8,-21.62,01-Oct-2016,01-Oct-2016,17-Feb-2017,17-Feb-2017,1,1
823B_As-built,823B-K-TKW-1060,"Hydrographic Survey prior to construction works (PS4.3.1)",TT_Task,,"TO KAU WAN STOCKPILING FACILITIES",15-Nov-2010,11-Dec-2010,26,15-Nov-2010,11-Dec-2010,26,0,0,0.00,01-Oct-2016,01-Oct-2016,17-Feb-2017,17-Feb-2017,1,1
823B_As-built,823B-K-TKW-1030,"Initial Site Survey (PS4.1.2)",TT_Task,,"TO KAU WAN STOCKPILING FACILITIES",28-Oct-2010,10-Nov-2010,13,28-Oct-2010,10-Nov-2010,13,0,0,0.00,01-Oct-2016,01-Oct-2016,17-Feb-2017,17-Feb-2017,2,1
823B_As-built,823B-K-TKW-1040,"Initial Site Survey Report (PS4.1.5)",TT_Task,,"TO KAU WAN STOCKPILING FACILITIES",11-Nov-2010,26-Nov-2010,15,11-Nov-2010,26-Nov-2010,15,0,0,0.00,01-Oct-2016,01-Oct-2016,17-Feb-2017,17-Feb-2017,1,1
823B_As-built,823B-K-TKW-1050,"Erection of Hoarding",TT_Task,,"TO KAU WAN STOCKPILING FACILITIES",28-Oct-2010,10-Nov-2010,13,28-Oct-2010,10-Nov-2010,13,0,0,0.00,01-Oct-2016,01-Oct-2016,17-Feb-2017,17-Feb-2017,2,1
823B_As-built,823B-K-TKW-1130,"Hydrographic Survey prior to handover of Works Area (PS4.3.1)",TT_Task,,"TO KAU WAN STOCKPILING FACILITIES",09-Dec-2011,13-Jan-2012,35,09-Dec-2011,13-Jan-2012,35,0,0,0.00,01-Oct-2016,01-Oct-2016,17-Feb-2017,17-Feb-2017,1,3
823B_As-built,823B-MS-E01,"Complete 70% of the excavation for the strip footings",TT_FinMile,,"Cost Center E - Running Maintenance Shed",04-Jul-2012,04-Jul-2012,0,04-Jul-2012,04-Jul-2012,,0,,,01-Oct-2016,01-Oct-2016,17-Feb-2017,17-Feb-2017,19,0
823B_As-built,823B-MS-E02,"Complete 5% of the strip footings",TT_FinMile,,"Cost Center E - Running Maintenance Shed",29-Feb-2012,29-Feb-2012,0,29-Feb-2012,29-Feb-2012,,0,,,01-Oct-2016,01-Oct-2016,17-Feb-2017,17-Feb-2017,2,0
823B_As-built,823B-MS-E03,"Complete 80% of the strip footings",TT_FinMile,,"Cost Center E - Running Maintenance Shed",31-Aug-2012,31-Aug-2012,0,31-Aug-2012,31-Aug-2012,,0,,,01-Oct-2016,01-Oct-2016,17-Feb-2017,17-Feb-2017,20,0
823B_As-built,823B-MS-E04,"Complete the ground level slab",TT_FinMile,,"Cost Center E - Running Maintenance Shed",12-Dec-2012,12-Dec-2012,0,27-Dec-2012,27-Dec-2012,,15,,,01-Oct-2016,01-Oct-2016,17-Feb-2017,17-Feb-2017,25,0
823B_As-built,823B-MS-E05,"Complete the roof",TT_FinMile,,"Cost Center E - Running Maintenance Shed",07-May-2013,07-May-2013,0,16-May-2013,16-May-2013,,9,,,01-Oct-2016,01-Oct-2016,17-Feb-2017,17-Feb-2017,18,0
823B_As-built,823B-MS-E06,"Complete the platforms",TT_FinMile,,"Cost Center E - Running Maintenance Shed",22-May-2013,22-May-2013,0,31-May-2013,31-May-2013,,9,,,01-Oct-2016,01-Oct-2016,17-Feb-2017,17-Feb-2017,36,0
823B_As-built,823B-MS-E07-1,"Complete the track bed",TT_FinMile,,"Cost Center E - Running Maintenance Shed",11-Jun-2013,11-Jun-2013,0,30-Jun-2013,30-Jun-2013,,19,,,01-Oct-2016,01-Oct-2016,17-Feb-2017,17-Feb-2017,2,0
823B_As-built,823B-MS-E08,"Complete ABWF works",TT_FinMile,,"Cost Center E - Running Maintenance Shed",13-Nov-2014,13-Nov-2014,0,22-Feb-2014,22-Feb-2014,,-264,,,01-Oct-2016,01-Oct-2016,17-Feb-2017,17-Feb-2017,3,0
823B_As-built,823B-MS-E09,"All works completed necessary for statutory inspections",TT_FinMile,,"Cost Center E - Running Maintenance Shed",04-Jun-2015,04-Jun-2015,0,30-Sep-2014,30-Sep-2014,,-247,,,01-Oct-2016,01-Oct-2016,17-Feb-2017,17-Feb-2017,7,0
823B_As-built,823B-MS-E07-2,"Complete underground drainage and utilities",TT_FinMile,,"Cost Center E - Running Maintenance Shed",11-Jun-2013,11-Jun-2013,0,30-Jun-2013,30-Jun-2013,,19,,,01-Oct-2016,01-Oct-2016,17-Feb-2017,17-Feb-2017,2,0
823B_As-built,823B-MS-D04,"Complete 30% of excavation",TT_FinMile,,"Cost Center D - Running Tunnel and Approach Tunnel",31-Oct-2012,31-Oct-2012,0,31-Oct-2012,31-Oct-2012,,0,,,01-Oct-2016,01-Oct-2016,17-Feb-2017,17-Feb-2017,3,0
823B_As-built,823B-MS-D05,"Complete 80% of excavation",TT_FinMile,,"Cost Center D - Running Tunnel and Approach Tunnel",02-Mar-2013,02-Mar-2013,0,28-Feb-2013,28-Feb-2013,,-2,,,01-Oct-2016,01-Oct-2016,17-Feb-2017,17-Feb-2017,4,0
823B_As-built,823B-MS-D06,"Complete 50% of the Running Tunnels",TT_FinMile,,"Cost Center D - Running Tunnel and Approach Tunnel",01-Jun-2013,01-Jun-2013,0,31-Jul-2013,31-Jul-2013,,60,,,01-Oct-2016,01-Oct-2016,17-Feb-2017,17-Feb-2017,10,0
823B_As-built,823B-MS-D07,"Complete 90% of the Running Tunnels",TT_FinMile,,"Cost Center D - Running Tunnel and Approach Tunnel",17-Jun-2013,17-Jun-2013,0,31-Oct-2013,31-Oct-2013,,136,,,01-Oct-2016,01-Oct-2016,17-Feb-2017,17-Feb-2017,19,0
823B_As-built,823B-MS-D08,"Complete 40% of the Approach Tunnel",TT_FinMile,,"Cost Center D - Running Tunnel and Approach Tunnel",05-Oct-2013,05-Oct-2013,0,24-Nov-2013,24-Nov-2013,,50,,,01-Oct-2016,01-Oct-2016,17-Feb-2017,17-Feb-2017,9,0
823B_As-built,823B-MS-D09-1,"Complete tunnel walkway and installation of cable brackets supplied by Contract 846 for the Running Tunnels",TT_FinMile,,"Cost Center D - Running Tunnel and Approach Tunnel",08-May-2014,08-May-2014,0,25-Jan-2014,25-Jan-2014,,-103,,,01-Oct-2016,01-Oct-2016,17-Feb-2017,17-Feb-2017,21,0
823B_As-built,823B-MS-D09-2,"Complete construction of all cross passages",TT_FinMile,,"Cost Center D - Running Tunnel and Approach Tunnel",31-Mar-2014,31-Mar-2014,0,25-Jan-2014,25-Jan-2014,,-65,,,01-Oct-2016,01-Oct-2016,17-Feb-2017,17-Feb-2017,2,0
823B_As-built,823B-MS-D10,"Complete tunnel invert and walkway of the Approach Tunnels and the Shunt Neck",TT_FinMile,,"Cost Center D - Running Tunnel and Approach Tunnel",31-Jul-2014,31-Jul-2014,0,30-Mar-2014,30-Mar-2014,,-123,,,01-Oct-2016,01-Oct-2016,17-Feb-2017,17-Feb-2017,25,0
823B_As-built,823B-MS-D01,"Complete 5% of temporary diaphragm wall",TT_FinMile,,"Cost Center D - Running Tunnel and Approach Tunnel",06-Aug-2011,06-Aug-2011,0,06-Aug-2011,06-Aug-2011,,0,,,01-Oct-2016,01-Oct-2016,17-Feb-2017,17-Feb-2017,0,0
823B_As-built,823B-MS-D02,"Complete 50% of temporary diaphragm wall",TT_FinMile,,"Cost Center D - Running Tunnel and Approach Tunnel",31-Dec-2011,31-Dec-2011,0,31-Dec-2011,31-Dec-2011,,0,,,01-Oct-2016,01-Oct-2016,17-Feb-2017,17-Feb-2017,0,0
823B_As-built,823B-MS-D03,"Complete 80% of temporary diaphragm wall",TT_FinMile,,"Cost Center D - Running Tunnel and Approach Tunnel",04-Jul-2012,04-Jul-2012,0,04-Jul-2012,04-Jul-2012,,0,,,01-Oct-2016,01-Oct-2016,17-Feb-2017,17-Feb-2017,0,0
823B_As-built,823B-MS-K01,"Approval of the design for receiving and stockpiling the spoil",TT_FinMile,,"Cost Center K - To Kau Wan Stockpiling Facilities",12-Dec-2010,12-Dec-2010,0,12-Dec-2010,12-Dec-2010,,0,,,01-Oct-2016,01-Oct-2016,17-Feb-2017,17-Feb-2017,0,0
823B_As-built,823B-MS-K02,"Construct all facilities and ready for receiving spoil",TT_FinMile,,"Cost Center K - To Kau Wan Stockpiling Facilities",13-Feb-2011,13-Feb-2011,0,13-Feb-2011,13-Feb-2011,,0,,,01-Oct-2016,01-Oct-2016,17-Feb-2017,17-Feb-2017,1,0
823B_As-built,823B-MS-K03,"Obtain Engineer's confirmation of satisfactory management of stockpiling facility",TT_FinMile,,"Cost Center K - To Kau Wan Stockpiling Facilities",29-May-2011,29-May-2011,0,29-May-2011,29-May-2011,,0,,,01-Oct-2016,01-Oct-2016,17-Feb-2017,17-Feb-2017,1,0
823B_As-built,823B-MS-K05,"Approval of final survey to demostrate stockfilling as approved by the Engineer's Representative",TT_FinMile,,"Cost Center K - To Kau Wan Stockpiling Facilities",31-Dec-2011,31-Dec-2011,0,31-Dec-2011,31-Dec-2011,,0,,,01-Oct-2016,01-Oct-2016,17-Feb-2017,17-Feb-2017,1,0
823B_As-built,823B-MS-K06-1,"Complete erosion protection measures & drainage system and ready to hand over the stockpiling facility to the Employer",TT_FinMile,,"Cost Center K - To Kau Wan Stockpiling Facilities",15-Jan-2012,15-Jan-2012,0,15-Jan-2012,15-Jan-2012,,0,,,01-Oct-2016,01-Oct-2016,17-Feb-2017,17-Feb-2017,1,0
823B_As-built,823B-MS-K06-2,"Remove all temp facilities as req'd by Engineer and ready to hand over the stockpiling facility to the Employer",TT_FinMile,,"Cost Center K - To Kau Wan Stockpiling Facilities",15-Jan-2012,15-Jan-2012,0,15-Jan-2012,15-Jan-2012,,0,,,01-Oct-2016,01-Oct-2016,17-Feb-2017,17-Feb-2017,1,0
823B_As-built,823B-MS-G01,"Complete the strip footings",TT_FinMile,,"Cost Center G - Infrastructure, Building Maintenance and P'Way Building (IBP)",07-Sep-2012,07-Sep-2012,0,07-Sep-2012,07-Sep-2012,,0,,,01-Oct-2016,01-Oct-2016,17-Feb-2017,17-Feb-2017,3,0
823B_As-built,823B-MS-G02,"Complete the ground floor slab",TT_FinMile,,"Cost Center G - Infrastructure, Building Maintenance and P'Way Building (IBP)",25-Nov-2012,25-Nov-2012,0,25-Nov-2012,25-Nov-2012,,0,,,01-Oct-2016,01-Oct-2016,17-Feb-2017,17-Feb-2017,3,0
823B_As-built,823B-MS-G03,"Complete the roof",TT_FinMile,,"Cost Center G - Infrastructure, Building Maintenance and P'Way Building (IBP)",23-Feb-2013,23-Feb-2013,0,01-Feb-2013,01-Feb-2013,,-22,,,01-Oct-2016,01-Oct-2016,17-Feb-2017,17-Feb-2017,3,0
823B_As-built,823B-MS-G04,"Complete floor, wall and ceiling finishes to all plant rooms",TT_FinMile,,"Cost Center G - Infrastructure, Building Maintenance and P'Way Building (IBP)",21-Oct-2013,21-Oct-2013,0,31-Jul-2013,31-Jul-2013,,-82,,,01-Oct-2016,01-Oct-2016,17-Feb-2017,17-Feb-2017,12,0
823B_As-built,823B-MS-G05,"Complete all ABWF works",TT_FinMile,,"Cost Center G - Infrastructure, Building Maintenance and P'Way Building (IBP)",21-Oct-2013,21-Oct-2013,0,31-Oct-2013,31-Oct-2013,,10,,,01-Oct-2016,01-Oct-2016,17-Feb-2017,17-Feb-2017,21,0
823B_As-built,823B-MS-G06,"Complete the external watermain works and connect to the building",TT_FinMile,,"Cost Center G - Infrastructure, Building Maintenance and P'Way Building (IBP)",02-Dec-2014,02-Dec-2014,0,27-Apr-2014,27-Apr-2014,,-219,,,01-Oct-2016,01-Oct-2016,17-Feb-2017,17-Feb-2017,5,0
823B_As-built,823B-MS-G07,"All works complete necessary for statutory inspections",TT_FinMile,,"Cost Center G - Infrastructure, Building Maintenance and P'Way Building (IBP)",04-Jun-2015,04-Jun-2015,0,30-Sep-2014,30-Sep-2014,,-247,,,01-Oct-2016,01-Oct-2016,17-Feb-2017,17-Feb-2017,1,0
823B_As-built,823B-MS-J01,"Complete 5% of the East Culvert",TT_FinMile,,"Cost Center J - Stabling Sidings & External Works",30-Sep-2011,30-Sep-2011,0,30-Sep-2011,30-Sep-2011,,0,,,01-Oct-2016,01-Oct-2016,17-Feb-2017,17-Feb-2017,2,0
823B_As-built,823B-MS-J02,"Complete 10% of excavation",TT_FinMile,,"Cost Center J - Stabling Sidings & External Works",31-Oct-2011,31-Oct-2011,0,31-Oct-2011,31-Oct-2011,,0,,,01-Oct-2016,01-Oct-2016,17-Feb-2017,17-Feb-2017,1,0
823B_As-built,823B-MS-J03-1,"Complete temporary diversion of the Kam Tin Road",TT_FinMile,,"Cost Center J - Stabling Sidings & External Works",25-Jul-2012,25-Jul-2012,0,25-Jul-2012,25-Jul-2012,,0,,,01-Oct-2016,01-Oct-2016,17-Feb-2017,17-Feb-2017,1,0
823B_As-built,823B-MS-J03-2,"Complete the temporary diversions of Leung Uk Tsuen Stream and the Shek Kong Stream",TT_FinMile,,"Cost Center J - Stabling Sidings & External Works",28-Oct-2012,28-Oct-2012,0,25-Jul-2012,25-Jul-2012,,-95,,,01-Oct-2016,01-Oct-2016,17-Feb-2017,17-Feb-2017,2,0
823B_As-built,823B-MS-J04,"Commissioning of West Culvert",TT_FinMile,,"Cost Center J - Stabling Sidings & External Works",28-Oct-2012,28-Oct-2012,0,28-Oct-2012,28-Oct-2012,,0,,,01-Oct-2016,01-Oct-2016,17-Feb-2017,17-Feb-2017,1,0
823B_As-built,823B-MS-J05,"Complete 100% of excavation",TT_FinMile,,"Cost Center J - Stabling Sidings & External Works",20-Apr-2013,20-Apr-2013,0,31-Jan-2013,31-Jan-2013,,-79,,,01-Oct-2016,01-Oct-2016,17-Feb-2017,17-Feb-2017,3,0
823B_As-built,823B-MS-J08,"Complete 60% of filling for SSS",TT_FinMile,,"Cost Center J - Stabling Sidings & External Works",15-Apr-2013,15-Apr-2013,0,31-Aug-2013,31-Aug-2013,,138,,,01-Oct-2016,01-Oct-2016,17-Feb-2017,17-Feb-2017,2,0
823B_As-built,823B-MS-J06-1,"Complete the East Culvert and associated drainage connections",TT_FinMile,,"Cost Center J - Stabling Sidings & External Works",23-Mar-2013,23-Mar-2013,0,23-Mar-2013,23-Mar-2013,,0,,,01-Oct-2016,01-Oct-2016,17-Feb-2017,17-Feb-2017,26,0
823B_As-built,823B-MS-J07,"Complete 40% of OHL mast foundation",TT_FinMile,,"Cost Center J - Stabling Sidings & External Works",27-Jul-2013,27-Jul-2013,0,31-May-2013,31-May-2013,,-57,,,01-Oct-2016,01-Oct-2016,17-Feb-2017,17-Feb-2017,2,0
823B_As-built,823B-MS-J06-2,"Complete all FMRS / gauging stations to Shek Kong Stream",TT_FinMile,,"Cost Center J - Stabling Sidings & External Works",23-Mar-2013,23-Mar-2013,0,23-Mar-2013,23-Mar-2013,,0,,,01-Oct-2016,01-Oct-2016,17-Feb-2017,17-Feb-2017,1,0
823B_As-built,823B-MS-J09,"Complete all OHL mast foundation and sub-ballast",TT_FinMile,,"Cost Center J - Stabling Sidings & External Works",10-Aug-2013,10-Aug-2013,0,28-Sep-2013,28-Sep-2013,,49,,,01-Oct-2016,01-Oct-2016,17-Feb-2017,17-Feb-2017,3,0
823B_As-built,823B-MS-J10,"Complete 50% of access road south of ERS",TT_FinMile,,"Cost Center J - Stabling Sidings & External Works",15-Mar-2016,15-Mar-2016,0,25-Jan-2014,25-Jan-2014,,-780,,,18-Oct-2016,18-Oct-2016,17-Feb-2017,17-Feb-2017,3,0
823B_As-built,823B-MS-J11,"Complete the chain link fence prior to energisation of track",TT_FinMile,,"Cost Center J - Stabling Sidings & External Works",08-Jan-2014,08-Jan-2014,0,22-Feb-2014,22-Feb-2014,,45,,,01-Oct-2016,01-Oct-2016,17-Feb-2017,17-Feb-2017,1,0
823B_As-built,823B-MS-J12,"Complete the access road to Shek Kok Feeder Station",TT_FinMile,,"Cost Center J - Stabling Sidings & External Works",04-Jan-2014,04-Jan-2014,0,12-Oct-2013,12-Oct-2013,,-84,,,01-Oct-2016,01-Oct-2016,17-Feb-2017,17-Feb-2017,3,0
823B_As-built,823B-MS-J13-2,"Complete 100% of access roads with SSS and ERS",TT_FinMile,,"Cost Center J - Stabling Sidings & External Works",01-Jul-2016,01-Jul-2016,0,01-Jul-2016,01-Jul-2016,,0,,,01-Oct-2016,01-Oct-2016,17-Feb-2017,17-Feb-2017,1,0
823B_As-built,823B-MS-J13-3,"Complete access roads from Kam Tin Road to Rail Stillages and Running Maintenance Shed",TT_FinMile,,"Cost Center J - Stabling Sidings & External Works",09-Oct-2015,09-Oct-2015,0,31-Jul-2015,31-Jul-2015,,-70,,,01-Oct-2016,01-Oct-2016,17-Feb-2017,17-Feb-2017,4,0
823B_As-built,823B-MS-J14,"Complete river habitat and stream widening",TT_FinMile,,"Cost Center J - Stabling Sidings & External Works",01-Oct-2016,01-Oct-2016,0,,,,0,,,01-Oct-2016,01-Oct-2016,21-Sep-2014,21-Sep-2014,3,0
823B_As-built,823B-MS-J13-1,"Complete access roads to ERS Plant Buildings for statutory inspections",TT_FinMile,,"Cost Center J - Stabling Sidings & External Works",09-Oct-2015,09-Oct-2015,0,31-Jul-2015,31-Jul-2015,,-70,,,01-Oct-2016,01-Oct-2016,17-Feb-2017,17-Feb-2017,3,0
823B_As-built,823B-MS-A01,"Approval of Contractor's Submission (Prel Master Prog, TimeChainage Prog, EMP, QP, Method of Const, Submission Schedule)",TT_FinMile,,"Cost Center A - Preliminaries",30-Jan-2011,30-Jan-2011,0,30-Jan-2011,30-Jan-2011,,0,,,01-Oct-2016,01-Oct-2016,17-Feb-2017,17-Feb-2017,9,0
823B_As-built,823B-MS-A02-1,"Prepare and submit Contamination Assessment Report (CAR) & Remediation Action Plan (RAP) for Works Areas 4.20A",TT_FinMile,,"Cost Center A - Preliminaries",27-Feb-2011,27-Feb-2011,0,27-Feb-2011,27-Feb-2011,,0,,,01-Oct-2016,01-Oct-2016,17-Feb-2017,17-Feb-2017,3,0
823B_As-built,823B-MS-A02-2,"Engineer's confirmation of satisfactory implementation of Specified Plans�",TT_FinMile,,"Cost Center A - Preliminaries",27-Feb-2011,27-Feb-2011,0,27-Feb-2011,27-Feb-2011,,0,,,01-Oct-2016,01-Oct-2016,17-Feb-2017,17-Feb-2017,1,0
823B_As-built,823B-MS-A03-1,"Complete 50% of temporary diaphragm wall of the Running Tunnel",TT_FinMile,,"Cost Center A - Preliminaries",31-Dec-2011,31-Dec-2011,0,31-Dec-2011,31-Dec-2011,,0,,,01-Oct-2016,01-Oct-2016,17-Feb-2017,17-Feb-2017,4,0
823B_As-built,823B-MS-A03-2,"Complete the Engineer's office and provide office furniture and equipment",TT_FinMile,,"Cost Center A - Preliminaries",31-Dec-2011,31-Dec-2011,0,31-Dec-2011,31-Dec-2011,,0,,,01-Oct-2016,01-Oct-2016,17-Feb-2017,17-Feb-2017,2,0
823B_As-built,823B-MS-A04,"Engineer's confirmation of satisfactory implementation of Specified Plans and Programming Management System�",TT_FinMile,,"Cost Center A - Preliminaries",28-Aug-2011,28-Aug-2011,0,28-Aug-2011,28-Aug-2011,,0,,,01-Oct-2016,01-Oct-2016,17-Feb-2017,17-Feb-2017,2,0
823B_As-built,823B-MS-A05,"Approval of detailed Interface Requirements Specifications with all the Designated Contractors (Appendix W of the PS)",TT_FinMile,,"Cost Center A - Preliminaries",31-Dec-2011,31-Dec-2011,0,31-Dec-2011,31-Dec-2011,,0,,,01-Oct-2016,01-Oct-2016,17-Feb-2017,17-Feb-2017,1,0
823B_As-built,823B-MS-A06,"Engineer's confirmation of satisfactory implementation of Specified Plans�",TT_FinMile,,"Cost Center A - Preliminaries",26-Feb-2012,26-Feb-2012,0,26-Feb-2012,26-Feb-2012,,0,,,01-Oct-2016,01-Oct-2016,17-Feb-2017,17-Feb-2017,1,0
823B_As-built,823B-MS-A07,"Engineer's confirmation of satisfactory implementation of Specified Plans and Programming Management System�",TT_FinMile,,"Cost Center A - Preliminaries",21-Aug-2012,21-Aug-2012,0,21-Aug-2012,21-Aug-2012,,0,,,01-Oct-2016,01-Oct-2016,17-Feb-2017,17-Feb-2017,2,0
823B_As-built,823B-MS-A08,"Approval of detailed Interface Requirements Specifications with the Designated Contractors (Appendix W of the PS)",TT_FinMile,,"Cost Center A - Preliminaries",28-Dec-2012,28-Dec-2012,0,30-Dec-2012,30-Dec-2012,,2,,,01-Oct-2016,01-Oct-2016,17-Feb-2017,17-Feb-2017,1,0
823B_As-built,823B-MS-A09-1,"Complete East Culvert and associated drainage connections",TT_FinMile,,"Cost Center A - Preliminaries",24-Mar-2013,24-Mar-2013,0,23-Mar-2013,23-Mar-2013,,-1,,,01-Oct-2016,01-Oct-2016,17-Feb-2017,17-Feb-2017,17,0
823B_As-built,823B-MS-A09-2,"Engineer's confirmation of satisfactory implementation of Specified Plans�",TT_FinMile,,"Cost Center A - Preliminaries",23-Mar-2013,23-Mar-2013,0,23-Mar-2013,23-Mar-2013,,0,,,01-Oct-2016,01-Oct-2016,17-Feb-2017,17-Feb-2017,1,0
823B_As-built,823B-MS-A10,"Complete ERS Running Tunnel Structure in Area 1-2",TT_FinMile,,"Cost Center A - Preliminaries",01-Jul-2016,01-Jul-2016,0,01-Jul-2016,01-Jul-2016,,0,,,01-Oct-2016,01-Oct-2016,17-Feb-2017,17-Feb-2017,12,0
823B_As-built,823B-MS-A11,"Engineer's confirmation of satisfactory implementation of Specified Plans and Programming Management System�",TT_FinMile,,"Cost Center A - Preliminaries",24-Aug-2013,24-Aug-2013,0,31-Aug-2013,31-Aug-2013,,7,,,01-Oct-2016,01-Oct-2016,17-Feb-2017,17-Feb-2017,2,0
823B_As-built,823B-MS-A12,"Complete all works for the Shek Kong Feeder Station necessary for statutory inspections",TT_FinMile,,"Cost Center A - Preliminaries",01-Dec-2015,01-Dec-2015,0,25-Jan-2014,25-Jan-2014,,-675,,,01-Oct-2016,01-Oct-2016,17-Feb-2017,17-Feb-2017,3,0
823B_As-built,823B-MS-A13,"Engineer's confirmation of satisfactory implementation of Specified Plans�",TT_FinMile,,"Cost Center A - Preliminaries",31-Mar-2014,31-Mar-2014,0,30-Mar-2014,30-Mar-2014,,-1,,,01-Oct-2016,01-Oct-2016,17-Feb-2017,17-Feb-2017,1,0
823B_As-built,823B-MS-A14,"Approval of draft Operating and Maintenance Manuals and draft as-built drawings for Whole of the Works",TT_FinMile,,"Cost Center A - Preliminaries",15-Jul-2015,15-Jul-2015,0,30-Jun-2015,30-Jun-2015,,-15,,,01-Oct-2016,01-Oct-2016,17-Feb-2017,17-Feb-2017,1,0
823B_As-built,823B-MS-A15,"Approval of Operating and Maintenance Manuals and as-built drawings for the Whole of the Woks",TT_FinMile,,"Cost Center A - Preliminaries",11-Feb-2017,11-Feb-2017,0,,,,0,,,11-Feb-2017,11-Feb-2017,08-Feb-2015,08-Feb-2015,2,0
823B_As-built,823B-MS-C01,"Complete 2% of the permanent diaphragm wall",TT_FinMile,,"Cost Center C - Emergency Rescue Siding (ERS)",30-Jul-2011,30-Jul-2011,0,30-Jul-2011,30-Jul-2011,,0,,,01-Oct-2016,01-Oct-2016,17-Feb-2017,17-Feb-2017,1,0
823B_As-built,823B-MS-C03,"Complete 50% of socketed steel H-piles",TT_FinMile,,"Cost Center C - Emergency Rescue Siding (ERS)",31-Mar-2012,31-Mar-2012,0,31-Mar-2012,31-Mar-2012,,0,,,01-Oct-2016,01-Oct-2016,17-Feb-2017,17-Feb-2017,2,0
823B_As-built,823B-MS-C05,"Complete 20% of the excavation for the cut and cover tunnels",TT_FinMile,,"Cost Center C - Emergency Rescue Siding (ERS)",30-Sep-2012,30-Sep-2012,0,29-Sep-2012,29-Sep-2012,,-1,,,01-Oct-2016,01-Oct-2016,17-Feb-2017,17-Feb-2017,2,0
823B_As-built,823B-MS-C06,"Complete 70% of the excavation for the cut and cover tunnels",TT_FinMile,,"Cost Center C - Emergency Rescue Siding (ERS)",18-Feb-2013,18-Feb-2013,0,31-Jan-2013,31-Jan-2013,,-18,,,01-Oct-2016,01-Oct-2016,17-Feb-2017,17-Feb-2017,9,0
823B_As-built,823B-MS-C07,"Complete 50% of the cut and cover tunnels",TT_FinMile,,"Cost Center C - Emergency Rescue Siding (ERS)",26-Jul-2013,26-Jul-2013,0,30-Jun-2013,30-Jun-2013,,-26,,,01-Oct-2016,01-Oct-2016,17-Feb-2017,17-Feb-2017,16,0
823B_As-built,823B-MS-C08,"Complete 80% of the cut and cover tunnels",TT_FinMile,,"Cost Center C - Emergency Rescue Siding (ERS)",03-Aug-2013,03-Aug-2013,0,31-Oct-2013,31-Oct-2013,,89,,,01-Oct-2016,01-Oct-2016,17-Feb-2017,17-Feb-2017,13,0
823B_As-built,823B-MS-C09,"Complete tunnel walkway and installation of cable brackets supplied by Contract 846",TT_FinMile,,"Cost Center C - Emergency Rescue Siding (ERS)",03-Aug-2013,03-Aug-2013,0,31-Dec-2013,31-Dec-2013,,150,,,01-Oct-2016,01-Oct-2016,17-Feb-2017,17-Feb-2017,32,0
823B_As-built,823B-MS-C10,"Complete all rooms within ERS Plant Building to Degree 1",TT_FinMile,,"Cost Center C - Emergency Rescue Siding (ERS)",13-Dec-2014,13-Dec-2014,0,30-Nov-2014,30-Nov-2014,,-13,,,01-Oct-2016,01-Oct-2016,17-Feb-2017,17-Feb-2017,4,0
823B_As-built,823B-MS-C11,"Complete external watermains works and ducts and connect to the ERS Plant Buildings",TT_FinMile,,"Cost Center C - Emergency Rescue Siding (ERS)",31-Dec-2014,31-Dec-2014,0,31-Oct-2014,31-Oct-2014,,-61,,,01-Oct-2016,01-Oct-2016,17-Feb-2017,17-Feb-2017,2,0
823B_As-built,823B-MS-C12,"All works complete  necessary for statutory inspections",TT_FinMile,,"Cost Center C - Emergency Rescue Siding (ERS)",01-Dec-2015,01-Dec-2015,0,30-Nov-2015,30-Nov-2015,,-1,,,01-Oct-2016,01-Oct-2016,17-Feb-2017,17-Feb-2017,1,0
823B_As-built,823B-MS-C02,"Complete 20% of the permanent diaphragm wall",TT_FinMile,,"Cost Center C - Emergency Rescue Siding (ERS)",23-Oct-2011,23-Oct-2011,0,23-Oct-2011,23-Oct-2011,,0,,,01-Oct-2016,01-Oct-2016,17-Feb-2017,17-Feb-2017,2,0
823B_As-built,823B-MS-C04,"Complete 90% of the permanent diaphragm wall",TT_FinMile,,"Cost Center C - Emergency Rescue Siding (ERS)",29-Apr-2012,29-Apr-2012,0,30-Apr-2012,30-Apr-2012,,1,,,01-Oct-2016,01-Oct-2016,17-Feb-2017,17-Feb-2017,5,0
823B_As-built,823B-MS-B01,"Complete demolition of existing buildings or structures within Works Areas 4.18B~D, 4.19D, 4.23A~D and 4.23E",TT_FinMile,,"Cost Center B - Site Clearance & Instrumentation",27-Mar-2011,27-Mar-2011,0,27-Mar-2011,27-Mar-2011,,0,,,01-Oct-2016,01-Oct-2016,17-Feb-2017,17-Feb-2017,2,0
823B_As-built,823B-MS-B02,"Complete all remediation measures on the contaminated areas",TT_FinMile,,"Cost Center B - Site Clearance & Instrumentation",30-Jul-2011,30-Jul-2011,0,30-Jul-2011,30-Jul-2011,,0,,,01-Oct-2016,01-Oct-2016,17-Feb-2017,17-Feb-2017,3,0
823B_As-built,823B-MS-B03,"Complete installation of all ground settlement points and vertical inclinometer (excl vertical inclinometer for d-walls)",TT_FinMile,,"Cost Center B - Site Clearance & Instrumentation",30-Oct-2011,30-Oct-2011,0,30-Oct-2011,30-Oct-2011,,0,,,01-Oct-2016,01-Oct-2016,17-Feb-2017,17-Feb-2017,6,0
823B_As-built,823B-MS-B04,"Submit instrumentation monitoring report",TT_FinMile,,"Cost Center B - Site Clearance & Instrumentation",22-Apr-2012,22-Apr-2012,0,22-Apr-2012,22-Apr-2012,,0,,,01-Oct-2016,01-Oct-2016,17-Feb-2017,17-Feb-2017,1,0
823B_As-built,823B-MS-B05,"Submit instrumentation monitoring report / Complete installation of vertical inclinometer for d-walls",TT_FinMile,,"Cost Center B - Site Clearance & Instrumentation",12-Nov-2012,12-Nov-2012,0,12-Nov-2012,12-Nov-2012,,0,,,01-Oct-2016,01-Oct-2016,17-Feb-2017,17-Feb-2017,1,0
823B_As-built,823B-MS-B06,"Submit instrumentation monitoring report",TT_FinMile,,"Cost Center B - Site Clearance & Instrumentation",27-Apr-2013,27-Apr-2013,0,30-Apr-2013,30-Apr-2013,,3,,,01-Oct-2016,01-Oct-2016,17-Feb-2017,17-Feb-2017,1,0
823B_As-built,823B-MS-B07,"Submit instrumentation monitoring report",TT_FinMile,,"Cost Center B - Site Clearance & Instrumentation",26-Oct-2013,26-Oct-2013,0,31-Oct-2013,31-Oct-2013,,5,,,01-Oct-2016,01-Oct-2016,17-Feb-2017,17-Feb-2017,1,0
823B_As-built,823B-MS-B08,"Submit instrumentation monitoring report",TT_FinMile,,"Cost Center B - Site Clearance & Instrumentation",30-Aug-2014,30-Aug-2014,0,27-Apr-2014,27-Apr-2014,,-125,,,01-Oct-2016,01-Oct-2016,17-Feb-2017,17-Feb-2017,1,0
823B_As-built,823B-MS-B09,"Submit instrumentation monitoring report",TT_FinMile,,"Cost Center B - Site Clearance & Instrumentation",25-Oct-2014,25-Oct-2014,0,26-Oct-2014,26-Oct-2014,,1,,,01-Oct-2016,01-Oct-2016,17-Feb-2017,17-Feb-2017,1,0
823B_As-built,823B-MS-B10,"Submit instrumentation monitoring report",TT_FinMile,,"Cost Center B - Site Clearance & Instrumentation",25-Apr-2015,25-Apr-2015,0,30-Apr-2015,30-Apr-2015,,5,,,01-Oct-2016,01-Oct-2016,17-Feb-2017,17-Feb-2017,1,0
823B_As-built,823B-MS-F03,"Complete all the pile caps and ground beams",TT_FinMile,,"Cost Center F - SSS Main Building (SMB)",28-Jul-2012,28-Jul-2012,0,28-Jul-2012,28-Jul-2012,,0,,,01-Oct-2016,01-Oct-2016,17-Feb-2017,17-Feb-2017,3,0
823B_As-built,823B-MS-F04,"Complete the ground floor slab",TT_FinMile,,"Cost Center F - SSS Main Building (SMB)",28-Oct-2012,28-Oct-2012,0,28-Oct-2012,28-Oct-2012,,0,,,01-Oct-2016,01-Oct-2016,17-Feb-2017,17-Feb-2017,3,0
823B_As-built,823B-MS-F05,"Complete the slab up to level U2",TT_FinMile,,"Cost Center F - SSS Main Building (SMB)",28-Oct-2012,28-Oct-2012,0,28-Oct-2012,28-Oct-2012,,0,,,01-Oct-2016,01-Oct-2016,17-Feb-2017,17-Feb-2017,3,0
823B_As-built,823B-MS-F06,"Complete the roof",TT_FinMile,,"Cost Center F - SSS Main Building (SMB)",29-Nov-2012,29-Nov-2012,0,29-Nov-2012,29-Nov-2012,,0,,,01-Oct-2016,01-Oct-2016,17-Feb-2017,17-Feb-2017,2,0
823B_As-built,823B-MS-F07,"Complete wall and ceiling finishes to all rooms",TT_FinMile,,"Cost Center F - SSS Main Building (SMB)",24-Sep-2013,24-Sep-2013,0,31-Oct-2013,31-Oct-2013,,37,,,01-Oct-2016,01-Oct-2016,17-Feb-2017,17-Feb-2017,12,0
823B_As-built,823B-MS-F08,"Complete all ABWF works",TT_FinMile,,"Cost Center F - SSS Main Building (SMB)",30-Nov-2013,30-Nov-2013,0,29-Dec-2013,29-Dec-2013,,29,,,01-Oct-2016,01-Oct-2016,17-Feb-2017,17-Feb-2017,7,0
823B_As-built,823B-MS-F09,"Complete external watermain works and connect to the building",TT_FinMile,,"Cost Center F - SSS Main Building (SMB)",03-May-2014,03-May-2014,0,30-Mar-2014,30-Mar-2014,,-34,,,01-Oct-2016,01-Oct-2016,17-Feb-2017,17-Feb-2017,3,0
823B_As-built,823B-MS-F10,"All works complete necessary for statutory inspection",TT_FinMile,,"Cost Center F - SSS Main Building (SMB)",07-Jul-2015,07-Jul-2015,0,29-Mar-2015,29-Mar-2015,,-100,,,01-Oct-2016,01-Oct-2016,17-Feb-2017,17-Feb-2017,3,0
823B_As-built,823B-MS-F01,"Complete 5% of the socketed steel H-piles",TT_FinMile,,"Cost Center F - SSS Main Building (SMB)",16-Sep-2011,16-Sep-2011,0,16-Sep-2011,16-Sep-2011,,0,,,01-Oct-2016,01-Oct-2016,17-Feb-2017,17-Feb-2017,1,0
823B_As-built,823B-MS-F02,"Complete the socketed steel H-piles",TT_FinMile,,"Cost Center F - SSS Main Building (SMB)",31-Oct-2011,31-Oct-2011,0,31-Oct-2011,31-Oct-2011,,0,,,01-Oct-2016,01-Oct-2016,17-Feb-2017,17-Feb-2017,1,0
823B_As-built,823B-MS-H01,"Complete 60% of the ground slab of the Shek Kong Feeder Station",TT_FinMile,,"Cost Center H - Other Buildings & Structures",28-Oct-2012,28-Oct-2012,0,28-Oct-2012,28-Oct-2012,,0,,,01-Oct-2016,01-Oct-2016,17-Feb-2017,17-Feb-2017,3,0
823B_As-built,823B-MS-H02,"Complete 5% of footings and strip footings of the Rail Stillages and FBW Steel Portal",TT_FinMile,,"Cost Center H - Other Buildings & Structures",08-Jan-2013,08-Jan-2013,0,31-Mar-2013,31-Mar-2013,,82,,,01-Oct-2016,01-Oct-2016,17-Feb-2017,17-Feb-2017,1,0
823B_As-built,823B-MS-H03,"Complete all footings and strip footings of the Rail Stillages and FBW Steel Portal",TT_FinMile,,"Cost Center H - Other Buildings & Structures",02-Apr-2013,02-Apr-2013,0,30-Jun-2013,30-Jun-2013,,89,,,01-Oct-2016,01-Oct-2016,17-Feb-2017,17-Feb-2017,3,0
823B_As-built,823B-MS-H04,"Complete all ABWF works for Shek Kong Feeder Station",TT_FinMile,,"Cost Center H - Other Buildings & Structures",08-Jun-2013,08-Jun-2013,0,08-Jun-2013,08-Jun-2013,,0,,,01-Oct-2016,01-Oct-2016,17-Feb-2017,17-Feb-2017,13,0
823B_As-built,823B-MS-H05,"Complete the sub-ballast / track bed for the Rail Stillages & FBW Steel Portal, S&C Assembly Storage and Loco Shed",TT_FinMile,,"Cost Center H - Other Buildings & Structures",20-May-2013,20-May-2013,0,31-Aug-2013,31-Aug-2013,,103,,,01-Oct-2016,01-Oct-2016,17-Feb-2017,17-Feb-2017,1,0
823B_As-built,823B-MS-H06,"Complete the structure of Water Pump House, Dangerous Goods Store and Security Operation Centre",TT_FinMile,,"Cost Center H - Other Buildings & Structures",16-Apr-2013,16-Apr-2013,0,28-Sep-2013,28-Sep-2013,,165,,,01-Oct-2016,01-Oct-2016,17-Feb-2017,17-Feb-2017,18,0
823B_As-built,823B-MS-H07,"Complete all ABWF works for all buildings",TT_FinMile,,"Cost Center H - Other Buildings & Structures",11-Apr-2015,11-Apr-2015,0,31-Jan-2015,31-Jan-2015,,-70,,,01-Oct-2016,01-Oct-2016,17-Feb-2017,17-Feb-2017,48,0
823B_As-built,823B-MS-H08,"Complete external watermain works and connect to the building",TT_FinMile,,"Cost Center H - Other Buildings & Structures",29-Jan-2015,29-Jan-2015,0,31-Jan-2015,31-Jan-2015,,2,,,01-Oct-2016,01-Oct-2016,17-Feb-2017,17-Feb-2017,10,0
823B_As-built,823B-MS-H09,"All works complete for the remaining buildings necessary for statutory inspections",TT_FinMile,,"Cost Center H - Other Buildings & Structures",07-Jul-2015,07-Jul-2015,0,29-Mar-2015,29-Mar-2015,,-100,,,01-Oct-2016,01-Oct-2016,17-Feb-2017,17-Feb-2017,28,0
823B_As-built,823B-AC-0010,"Works Area 4.18C",TT_Mile,,"First Possession",22-Feb-2011,22-Feb-2011,0,22-Feb-2011,22-Feb-2011,,0,,,01-Oct-2016,01-Oct-2016,03-Mar-2014,03-Mar-2014,0,9
823B_As-built,823B-AC-0015,"Works Area 4.8A",TT_Mile,,"First Possession",22-Feb-2011,22-Feb-2011,0,22-Feb-2011,22-Feb-2011,,0,,,01-Oct-2016,01-Oct-2016,03-Mar-2014,03-Mar-2014,0,8
823B_As-built,823B-AC-0030,"Works Area 4.17A",TT_Mile,,"First Possession",13-May-2011,13-May-2011,0,13-May-2011,13-May-2011,,0,,,01-Oct-2016,01-Oct-2016,03-Mar-2014,03-Mar-2014,0,8
823B_As-built,823B-AC-0045,"Works Area 4.19A",TT_Mile,,"First Possession",13-May-2011,13-May-2011,0,13-May-2011,13-May-2011,,0,,,01-Oct-2016,01-Oct-2016,03-Mar-2014,03-Mar-2014,0,9
823B_As-built,823B-AC-0065,"Works Area 4.2A",TT_Mile,,"First Possession",12-Apr-2011,12-Apr-2011,0,12-Apr-2011,12-Apr-2011,,0,,,01-Oct-2016,01-Oct-2016,03-Mar-2014,03-Mar-2014,0,7
823B_As-built,823B-AC-0155,"Works Area 4.8",TT_Mile,,"First Possession",01-Mar-2011,01-Mar-2011,0,01-Mar-2011,01-Mar-2011,,0,,,01-Oct-2016,01-Oct-2016,03-Mar-2014,03-Mar-2014,0,8
823B_As-built,823B-AC-0165,"Works Area 4.10",TT_Mile,,"First Possession",01-Jun-2016,01-Jun-2016,0,01-Jun-2016,01-Jun-2016,,0,,,01-Oct-2016,01-Oct-2016,10-May-2015,10-May-2015,0,3
823B_As-built,823B-AC-0200,"Works Area 4.6 (subject to Government Authorities' Approval)",TT_Mile,,"First Possession",18-Aug-2011,18-Aug-2011,0,18-Aug-2011,18-Aug-2011,,0,,,01-Oct-2016,01-Oct-2016,17-Feb-2017,17-Feb-2017,0,0
823B_As-built,823B-AC-0205,"Works Area 4.1 (subject to SLG Approval)",TT_Mile,,"First Possession",17-Jul-2011,17-Jul-2011,0,17-Jul-2011,17-Jul-2011,,0,,,01-Oct-2016,01-Oct-2016,17-Feb-2017,17-Feb-2017,0,0
823B_As-built,823B-AC-0225,"Works Area 9.5",TT_Mile,,"First Possession",01-Dec-2010,01-Dec-2010,0,01-Dec-2010,01-Dec-2010,,0,,,01-Oct-2016,01-Oct-2016,17-Feb-2017,17-Feb-2017,0,3
823B_As-built,823B-AC-0230,"Works Area 14.1",TT_Mile,,"First Possession",28-Oct-2010,28-Oct-2010,0,28-Oct-2010,28-Oct-2010,,0,,,01-Oct-2016,01-Oct-2016,17-Feb-2017,17-Feb-2017,0,3
823B_As-built,823B-AC-0215,"Works Area 4.13 (subject to SLG Approval)",TT_Mile,,"First Possession",01-Aug-2015,01-Aug-2015,0,01-Aug-2015,01-Aug-2015,,0,,,01-Oct-2016,01-Oct-2016,17-Feb-2017,17-Feb-2017,7,1
823B_As-built,823B-AC-0150,"Works Area 4.23C",TT_Mile,,"First Possession",03-Jan-2011,03-Jan-2011,0,03-Jan-2011,03-Jan-2011,,0,,,01-Oct-2016,01-Oct-2016,03-Mar-2014,03-Mar-2014,0,13
823B_As-built,823B-AC-0020,"Works Area 4.8E",TT_Mile,,"First Possession",03-Jan-2011,03-Jan-2011,0,03-Jan-2011,03-Jan-2011,,0,,,01-Oct-2016,01-Oct-2016,03-Mar-2014,03-Mar-2014,0,8
823B_As-built,823B-AC-0025,"Works Area 4.18D",TT_Mile,,"First Possession",03-Jan-2011,03-Jan-2011,0,03-Jan-2011,03-Jan-2011,,0,,,01-Oct-2016,01-Oct-2016,03-Mar-2014,03-Mar-2014,0,8
823B_As-built,823B-AC-0035,"Works Area 4.17B",TT_Mile,,"First Possession",22-Feb-2011,22-Feb-2011,0,22-Feb-2011,22-Feb-2011,,0,,,01-Oct-2016,01-Oct-2016,03-Mar-2014,03-Mar-2014,0,8
823B_As-built,823B-AC-0040,"Works Area 4.17C",TT_Mile,,"First Possession",03-Jan-2011,03-Jan-2011,0,03-Jan-2011,03-Jan-2011,,0,,,01-Oct-2016,01-Oct-2016,03-Mar-2014,03-Mar-2014,0,8
823B_As-built,823B-AC-0050,"Works Area 4.19B",TT_Mile,,"First Possession",13-May-2011,13-May-2011,0,13-May-2011,13-May-2011,,0,,,01-Oct-2016,01-Oct-2016,03-Mar-2014,03-Mar-2014,0,9
823B_As-built,823B-AC-0055,"Works Area 4.19C",TT_Mile,,"First Possession",13-May-2011,13-May-2011,0,13-May-2011,13-May-2011,,0,,,01-Oct-2016,01-Oct-2016,03-Mar-2014,03-Mar-2014,0,8
823B_As-built,823B-AC-0060,"Works Area 4.19E",TT_Mile,,"First Possession",13-May-2011,13-May-2011,0,13-May-2011,13-May-2011,,0,,,01-Oct-2016,01-Oct-2016,03-Mar-2014,03-Mar-2014,0,15
823B_As-built,823B-AC-0070,"Works Area 4.5",TT_Mile,,"First Possession",12-Apr-2011,12-Apr-2011,0,12-Apr-2011,12-Apr-2011,,0,,,01-Oct-2016,01-Oct-2016,03-Mar-2014,03-Mar-2014,0,8
823B_As-built,823B-AC-0075,"Works Area 4.6A",TT_Mile,,"First Possession",12-Apr-2011,12-Apr-2011,0,12-Apr-2011,12-Apr-2011,,0,,,01-Oct-2016,01-Oct-2016,03-Mar-2014,03-Mar-2014,0,7
823B_As-built,823B-AC-0080,"Works Area 4.18A",TT_Mile,,"First Possession",22-Feb-2011,22-Feb-2011,0,22-Feb-2011,22-Feb-2011,,0,,,01-Oct-2016,01-Oct-2016,03-Mar-2014,03-Mar-2014,0,8
823B_As-built,823B-AC-0085,"Works Area 4.18B",TT_Mile,,"First Possession",07-Jun-2011,07-Jun-2011,0,07-Jun-2011,07-Jun-2011,,0,,,01-Oct-2016,01-Oct-2016,03-Mar-2014,03-Mar-2014,0,8
823B_As-built,823B-AC-0090,"Works Area 4.19D",TT_Mile,,"First Possession",22-Feb-2011,22-Feb-2011,0,22-Feb-2011,22-Feb-2011,,0,,,01-Oct-2016,01-Oct-2016,03-Mar-2014,03-Mar-2014,0,8
823B_As-built,823B-AC-0095,"Works Area 4.20A",TT_Mile,,"First Possession",13-May-2011,13-May-2011,0,13-May-2011,13-May-2011,,0,,,01-Oct-2016,01-Oct-2016,03-Mar-2014,03-Mar-2014,0,21
823B_As-built,823B-AC-0100,"Works Area 4.20B",TT_Mile,,"First Possession",13-May-2011,13-May-2011,0,13-May-2011,13-May-2011,,0,,,01-Oct-2016,01-Oct-2016,03-Mar-2014,03-Mar-2014,0,18
823B_As-built,823B-AC-0105,"Works Area 4.20C",TT_Mile,,"First Possession",13-May-2011,13-May-2011,0,13-May-2011,13-May-2011,,0,,,01-Oct-2016,01-Oct-2016,03-Mar-2014,03-Mar-2014,0,18
823B_As-built,823B-AC-0110,"Works Area 4.21A",TT_Mile,,"First Possession",25-May-2011,25-May-2011,0,25-May-2011,25-May-2011,,0,,,01-Oct-2016,01-Oct-2016,03-Mar-2014,03-Mar-2014,0,20
823B_As-built,823B-AC-0115,"Works Area 4.21B",TT_Mile,,"First Possession",13-May-2011,13-May-2011,0,13-May-2011,13-May-2011,,0,,,01-Oct-2016,01-Oct-2016,03-Mar-2014,03-Mar-2014,0,18
823B_As-built,823B-AC-0120,"Works Area 4.22A",TT_Mile,,"First Possession",12-May-2011,12-May-2011,0,12-May-2011,12-May-2011,,0,,,01-Oct-2016,01-Oct-2016,03-Mar-2014,03-Mar-2014,0,14
823B_As-built,823B-AC-0125,"Works Area 4.22B",TT_Mile,,"First Possession",13-May-2011,13-May-2011,0,13-May-2011,13-May-2011,,0,,,01-Oct-2016,01-Oct-2016,03-Mar-2014,03-Mar-2014,0,13
823B_As-built,823B-AC-0130,"Works Area 4.23A",TT_Mile,,"First Possession",13-May-2011,13-May-2011,0,13-May-2011,13-May-2011,,0,,,01-Oct-2016,01-Oct-2016,03-Mar-2014,03-Mar-2014,0,13
823B_As-built,823B-AC-0135,"Works Area 4.23B",TT_Mile,,"First Possession",22-Feb-2011,22-Feb-2011,0,22-Feb-2011,22-Feb-2011,,0,,,01-Oct-2016,01-Oct-2016,03-Mar-2014,03-Mar-2014,0,13
823B_As-built,823B-AC-0140,"Works Area 4.23D",TT_Mile,,"First Possession",22-Feb-2011,22-Feb-2011,0,22-Feb-2011,22-Feb-2011,,0,,,01-Oct-2016,01-Oct-2016,03-Mar-2014,03-Mar-2014,0,13
823B_As-built,823B-AC-0145,"Works Area 4.23F",TT_Mile,,"First Possession",22-Feb-2011,22-Feb-2011,0,22-Feb-2011,22-Feb-2011,,0,,,01-Oct-2016,01-Oct-2016,03-Mar-2014,03-Mar-2014,0,13
823B_As-built,823B-AC-0160,"Works Area 4.23E",TT_Mile,,"First Possession",22-Feb-2011,22-Feb-2011,0,22-Feb-2011,22-Feb-2011,,0,,,01-Oct-2016,01-Oct-2016,03-Mar-2014,03-Mar-2014,0,8
823B_As-built,823B-AC-0170,"Works Area 4.10A",TT_Mile,,"First Possession",01-Jun-2016,01-Jun-2016,0,01-Jun-2016,01-Jun-2016,,0,,,01-Oct-2016,01-Oct-2016,10-May-2015,10-May-2015,0,3
823B_As-built,823B-AC-0175,"Works Area 4.11",TT_Mile,,"First Possession",01-Mar-2016,01-Mar-2016,0,01-Mar-2016,01-Mar-2016,,0,,,01-Oct-2016,01-Oct-2016,10-May-2015,10-May-2015,0,3
823B_As-built,823B-AC-0180,"Works Area 4.12B",TT_Mile,,"First Possession",01-Oct-2016,01-Oct-2016,0,,,,0,,,01-Oct-2016,01-Oct-2016,30-Jun-2014,30-Jun-2014,0,3
823B_As-built,823B-AC-0185,"Works Area 4.15",TT_Mile,,"First Possession",01-Mar-2016,01-Mar-2016,0,01-Mar-2016,01-Mar-2016,,0,,,01-Oct-2016,01-Oct-2016,10-May-2015,10-May-2015,0,3
823B_As-built,823B-AC-0190,"Works Area 4.15A",TT_Mile,,"First Possession",01-Mar-2016,01-Mar-2016,0,01-Mar-2016,01-Mar-2016,,0,,,01-Oct-2016,01-Oct-2016,10-May-2015,10-May-2015,0,3
823B_As-built,823B-AC-0195,"Works Area 4.15B",TT_Mile,,"First Possession",01-Mar-2016,01-Mar-2016,0,01-Mar-2016,01-Mar-2016,,0,,,01-Oct-2016,01-Oct-2016,10-May-2015,10-May-2015,0,3
823B_As-built,823B-AC-0210,"Works Area 4.7 (subject to SLG Approval)",TT_Mile,,"First Possession",17-Jul-2011,17-Jul-2011,0,17-Jul-2011,17-Jul-2011,,0,,,01-Oct-2016,01-Oct-2016,17-Feb-2017,17-Feb-2017,0,0
823B_As-built,823B-AC-0220,"Works Area 4.16 (subject to SLG Approval)",TT_Mile,,"First Possession",01-Aug-2015,01-Aug-2015,0,01-Aug-2015,01-Aug-2015,,0,,,01-Oct-2016,01-Oct-2016,17-Feb-2017,17-Feb-2017,7,1
823B_As-built,823B-AC-0235,"Works Area 14.2",TT_Mile,,"First Possession",28-Oct-2010,28-Oct-2010,0,28-Oct-2010,28-Oct-2010,,0,,,01-Oct-2016,01-Oct-2016,17-Feb-2017,17-Feb-2017,0,3
823B_As-built,823B-AC-0275,"Works Area 4.18C",TT_Mile,,"Second Possession",01-Jun-2016,01-Jun-2016,0,01-Jun-2016,01-Jun-2016,,0,,,01-Oct-2016,01-Oct-2016,17-Feb-2017,17-Feb-2017,0,0
823B_As-built,823B-AC-0280,"Works Area 4.8A",TT_Mile,,"Second Possession",01-Jun-2016,01-Jun-2016,0,01-Jun-2016,01-Jun-2016,,0,,,01-Oct-2016,01-Oct-2016,17-Feb-2017,17-Feb-2017,0,0
823B_As-built,823B-AC-0240,"Works Area 4.17A",TT_Mile,,"Second Possession",01-Jun-2016,01-Jun-2016,0,01-Jun-2016,01-Jun-2016,,0,,,01-Oct-2016,01-Oct-2016,10-May-2015,10-May-2015,0,1
823B_As-built,823B-AC-0245,"Works Area 4.17B",TT_Mile,,"Second Possession",01-Jun-2016,01-Jun-2016,0,01-Jun-2016,01-Jun-2016,,0,,,01-Oct-2016,01-Oct-2016,10-May-2015,10-May-2015,0,1
823B_As-built,823B-AC-0250,"Works Area 4.17C",TT_Mile,,"Second Possession",01-Jun-2016,01-Jun-2016,0,01-Jun-2016,01-Jun-2016,,0,,,01-Oct-2016,01-Oct-2016,10-May-2015,10-May-2015,0,1
823B_As-built,823B-AC-0255,"Works Area 4.19A",TT_Mile,,"Second Possession",01-Jun-2016,01-Jun-2016,0,01-Jun-2016,01-Jun-2016,,0,,,01-Oct-2016,01-Oct-2016,10-May-2015,10-May-2015,0,1
823B_As-built,823B-AC-0260,"Works Area 4.19B",TT_Mile,,"Second Possession",01-Jun-2016,01-Jun-2016,0,01-Jun-2016,01-Jun-2016,,0,,,01-Oct-2016,01-Oct-2016,10-May-2015,10-May-2015,0,1
823B_As-built,823B-AC-0265,"Works Area4.19C",TT_Mile,,"Second Possession",01-Jun-2016,01-Jun-2016,0,01-Jun-2016,01-Jun-2016,,0,,,01-Oct-2016,01-Oct-2016,10-May-2015,10-May-2015,0,1
823B_As-built,823B-AC-0270,"Works Area 4.19E",TT_Mile,,"Second Possession",01-Jun-2016,01-Jun-2016,0,01-Jun-2016,01-Jun-2016,,0,,,01-Oct-2016,01-Oct-2016,10-May-2015,10-May-2015,0,1
823B_As-built,823B-AC-0285,"Works Area 4.8E",TT_Mile,,"Second Possession",01-Jun-2016,01-Jun-2016,0,01-Jun-2016,01-Jun-2016,,0,,,01-Oct-2016,01-Oct-2016,17-Feb-2017,17-Feb-2017,0,0
823B_As-built,823B-AC-0290,"Works Area 4.18D",TT_Mile,,"Second Possession",01-Jun-2016,01-Jun-2016,0,01-Jun-2016,01-Jun-2016,,0,,,01-Oct-2016,01-Oct-2016,17-Feb-2017,17-Feb-2017,0,0
823B_As-built,823B-HO-0240,"Works Area 4.17A",TT_FinMile,,"from Second Possession",01-Jun-2016,01-Jun-2016,0,01-Jun-2016,01-Jun-2016,,0,,,01-Oct-2016,01-Oct-2016,17-Feb-2017,17-Feb-2017,3,0
823B_As-built,823B-HO-0275,"Works Area 4.18C",TT_FinMile,,"from Second Possession",01-Jun-2016,01-Jun-2016,0,01-Jun-2016,01-Jun-2016,,0,,,01-Oct-2016,01-Oct-2016,17-Feb-2017,17-Feb-2017,2,0
823B_As-built,823B-HO-0280,"Works Area 4.8A",TT_FinMile,,"from Second Possession",17-Feb-2017,17-Feb-2017,0,,,,0,,,17-Feb-2017,17-Feb-2017,30-Aug-2015,30-Aug-2015,1,0
823B_As-built,823B-HO-0285,"Works Area 4.8E",TT_FinMile,,"from Second Possession",17-Feb-2017,17-Feb-2017,0,,,,0,,,17-Feb-2017,17-Feb-2017,30-Aug-2015,30-Aug-2015,1,0
823B_As-built,823B-HO-0290,"Works Area 4.18D",TT_FinMile,,"from Second Possession",17-Feb-2017,17-Feb-2017,0,,,,0,,,17-Feb-2017,17-Feb-2017,30-Aug-2015,30-Aug-2015,1,0
823B_As-built,823B-HO-0245,"Works Area 4.17B",TT_FinMile,,"from Second Possession",01-Jun-2016,01-Jun-2016,0,01-Jun-2016,01-Jun-2016,,0,,,01-Oct-2016,01-Oct-2016,17-Feb-2017,17-Feb-2017,3,0
823B_As-built,823B-HO-0250,"Works Area 4.17C",TT_FinMile,,"from Second Possession",01-Jun-2016,01-Jun-2016,0,01-Jun-2016,01-Jun-2016,,0,,,01-Oct-2016,01-Oct-2016,17-Feb-2017,17-Feb-2017,2,0
823B_As-built,823B-HO-0255,"Works Area 4.19A",TT_FinMile,,"from Second Possession",01-Jun-2016,01-Jun-2016,0,01-Jun-2016,01-Jun-2016,,0,,,01-Oct-2016,01-Oct-2016,17-Feb-2017,17-Feb-2017,2,0
823B_As-built,823B-HO-0260,"Works Area 4.19B",TT_FinMile,,"from Second Possession",01-Jun-2016,01-Jun-2016,0,01-Jun-2016,01-Jun-2016,,0,,,01-Oct-2016,01-Oct-2016,17-Feb-2017,17-Feb-2017,2,0
823B_As-built,823B-HO-0265,"Works Area4.19C",TT_FinMile,,"from Second Possession",01-Jun-2016,01-Jun-2016,0,01-Jun-2016,01-Jun-2016,,0,,,01-Oct-2016,01-Oct-2016,17-Feb-2017,17-Feb-2017,2,0
823B_As-built,823B-HO-0270,"Works Area 4.19E",TT_FinMile,,"from Second Possession",01-Jun-2016,01-Jun-2016,0,01-Jun-2016,01-Jun-2016,,0,,,01-Oct-2016,01-Oct-2016,17-Feb-2017,17-Feb-2017,2,0
823B_As-built,823B-HO-0010,"Works Area 4.18C",TT_FinMile,,"from First Possession",02-Sep-2012,02-Sep-2012,0,02-Sep-2012,02-Sep-2012,,0,,,01-Oct-2016,01-Oct-2016,17-Feb-2017,17-Feb-2017,0,0
823B_As-built,823B-HO-0015,"Works Area 4.8A",TT_FinMile,,"from First Possession",30-Dec-2012,30-Dec-2012,0,30-Dec-2012,30-Dec-2012,,0,,,01-Oct-2016,01-Oct-2016,17-Feb-2017,17-Feb-2017,0,0
823B_As-built,823B-HO-0030,"Works Area 4.17A",TT_FinMile,,"from First Possession",03-Feb-2013,03-Feb-2013,0,03-Feb-2013,03-Feb-2013,,0,,,01-Oct-2016,01-Oct-2016,17-Feb-2017,17-Feb-2017,7,0
823B_As-built,823B-HO-0045,"Works Area 4.19A",TT_FinMile,,"from First Possession",31-Mar-2013,31-Mar-2013,0,31-Mar-2013,31-Mar-2013,,0,,,01-Oct-2016,01-Oct-2016,17-Feb-2017,17-Feb-2017,7,0
823B_As-built,823B-HO-0065,"Works Area 4.2A",TT_FinMile,,"from First Possession",31-Oct-2016,31-Oct-2016,0,,,,0,,,31-Oct-2016,31-Oct-2016,10-May-2015,10-May-2015,1,0
823B_As-built,823B-HO-0155,"Works Area 4.8",TT_FinMile,,"from First Possession",17-Feb-2017,17-Feb-2017,0,,,,0,,,17-Feb-2017,17-Feb-2017,30-Aug-2015,30-Aug-2015,1,0
823B_As-built,823B-HO-0165,"Works Area 4.10",TT_FinMile,,"from First Possession",01-Oct-2016,01-Oct-2016,0,,,,0,,,01-Oct-2016,01-Oct-2016,10-May-2015,10-May-2015,1,2
823B_As-built,823B-HO-0200,"Works Area 4.6 (subject to Government Authorities' Approval)",TT_FinMile,,"from First Possession",01-Oct-2016,01-Oct-2016,0,,,,0,,,01-Oct-2016,01-Oct-2016,17-Feb-2017,17-Feb-2017,4,1
823B_As-built,823B-HO-0205,"Works Area 4.1 (subject to SLG Approval)",TT_FinMile,,"from First Possession",01-Sep-2016,01-Sep-2016,0,30-Jul-2016,30-Jul-2016,,-33,,,01-Oct-2016,01-Oct-2016,17-Feb-2017,17-Feb-2017,2,2
823B_As-built,823B-HO-0225,"Works Area 9.5",TT_FinMile,,"from First Possession",10-May-2015,10-May-2015,0,25-Jul-2013,25-Jul-2013,,-654,,,01-Oct-2016,01-Oct-2016,17-Feb-2017,17-Feb-2017,1,0
823B_As-built,823B-HO-0230,"Works Area 14.1",TT_FinMile,,"from First Possession",16-Jan-2012,16-Jan-2012,0,16-Jan-2012,16-Jan-2012,,0,,,01-Oct-2016,01-Oct-2016,17-Feb-2017,17-Feb-2017,1,0
823B_As-built,823B-HO-0150,"Works Area 4.23C",TT_FinMile,,"from First Possession",19-Mar-2016,19-Mar-2016,0,31-Jul-2014,31-Jul-2014,,-597,,,31-Oct-2016,31-Oct-2016,17-Feb-2017,17-Feb-2017,1,0
823B_As-built,823B-HO-0215,"Works Area 4.13 (subject to SLG Approval)",TT_FinMile,,"from First Possession",01-Oct-2016,01-Oct-2016,0,,,,0,,,01-Oct-2016,01-Oct-2016,17-Feb-2017,17-Feb-2017,2,0
823B_As-built,823B-HO-0235,"Works Area 14.2",TT_FinMile,,"from First Possession",16-Jan-2012,16-Jan-2012,0,16-Jan-2012,16-Jan-2012,,0,,,01-Oct-2016,01-Oct-2016,17-Feb-2017,17-Feb-2017,1,0
823B_As-built,823B-HO-0220,"Works Area 4.16 (subject to SLG Approval)",TT_FinMile,,"from First Possession",01-Oct-2016,01-Oct-2016,0,,,,0,,,01-Oct-2016,01-Oct-2016,17-Feb-2017,17-Feb-2017,2,0
823B_As-built,823B-HO-0210,"Works Area 4.7 (subject to SLG Approval)",TT_FinMile,,"from First Possession",01-Sep-2016,01-Sep-2016,0,29-Mar-2014,29-Mar-2014,,-887,,,01-Oct-2016,01-Oct-2016,17-Feb-2017,17-Feb-2017,2,2
823B_As-built,823B-HO-0170,"Works Area 4.10A",TT_FinMile,,"from First Possession",01-Oct-2016,01-Oct-2016,0,,,,0,,,01-Oct-2016,01-Oct-2016,10-Mar-2015,10-Mar-2015,0,0
823B_As-built,823B-HO-0180,"Works Area 4.12B",TT_FinMile,,"from First Possession",01-Oct-2016,01-Oct-2016,0,,,,0,,,01-Oct-2016,01-Oct-2016,10-Mar-2015,10-Mar-2015,0,0
823B_As-built,823B-HO-0185,"Works Area 4.15",TT_FinMile,,"from First Possession",01-Oct-2016,01-Oct-2016,0,,,,0,,,01-Oct-2016,01-Oct-2016,10-Mar-2015,10-Mar-2015,0,0
823B_As-built,823B-HO-0175,"Works Area 4.11",TT_FinMile,,"from First Possession",01-Oct-2016,01-Oct-2016,0,,,,0,,,01-Oct-2016,01-Oct-2016,10-Mar-2015,10-Mar-2015,0,0
823B_As-built,823B-HO-0190,"Works Area 4.15A",TT_FinMile,,"from First Possession",01-Oct-2016,01-Oct-2016,0,,,,0,,,01-Oct-2016,01-Oct-2016,10-Mar-2015,10-Mar-2015,0,0
823B_As-built,823B-HO-0195,"Works Area 4.15B",TT_FinMile,,"from First Possession",01-Oct-2016,01-Oct-2016,0,,,,0,,,01-Oct-2016,01-Oct-2016,10-Mar-2015,10-Mar-2015,0,0
823B_As-built,823B-HO-0160,"Works Area 4.23E",TT_FinMile,,"from First Possession",17-Feb-2017,17-Feb-2017,0,,,,0,,,17-Feb-2017,17-Feb-2017,30-Aug-2015,30-Aug-2015,1,0
823B_As-built,823B-HO-0080,"Works Area 4.18A",TT_FinMile,,"from First Possession",31-Oct-2016,31-Oct-2016,0,,,,0,,,31-Oct-2016,31-Oct-2016,10-May-2015,10-May-2015,1,0
823B_As-built,823B-HO-0085,"Works Area 4.18B",TT_FinMile,,"from First Possession",31-Oct-2016,31-Oct-2016,0,,,,0,,,31-Oct-2016,31-Oct-2016,10-May-2015,10-May-2015,2,0
823B_As-built,823B-HO-0090,"Works Area 4.19D",TT_FinMile,,"from First Possession",31-Oct-2016,31-Oct-2016,0,,,,0,,,31-Oct-2016,31-Oct-2016,10-May-2015,10-May-2015,1,0
823B_As-built,823B-HO-0095,"Works Area 4.20A",TT_FinMile,,"from First Possession",31-Oct-2016,31-Oct-2016,0,,,,0,,,31-Oct-2016,31-Oct-2016,10-May-2015,10-May-2015,1,0
823B_As-built,823B-HO-0100,"Works Area 4.20B",TT_FinMile,,"from First Possession",28-Mar-2016,28-Mar-2016,0,14-Jul-2014,14-Jul-2014,,-623,,,31-Oct-2016,31-Oct-2016,17-Feb-2017,17-Feb-2017,1,0
823B_As-built,823B-HO-0105,"Works Area 4.20C",TT_FinMile,,"from First Possession",28-Mar-2016,28-Mar-2016,0,15-Oct-2013,15-Oct-2013,,-895,,,31-Oct-2016,31-Oct-2016,17-Feb-2017,17-Feb-2017,1,0
823B_As-built,823B-HO-0110,"Works Area 4.21A",TT_FinMile,,"from First Possession",31-Oct-2016,31-Oct-2016,0,,,,0,,,31-Oct-2016,31-Oct-2016,10-May-2015,10-May-2015,2,0
823B_As-built,823B-HO-0115,"Works Area 4.21B",TT_FinMile,,"from First Possession",28-Mar-2016,28-Mar-2016,0,15-Oct-2013,15-Oct-2013,,-895,,,31-Oct-2016,31-Oct-2016,17-Feb-2017,17-Feb-2017,1,0
823B_As-built,823B-HO-0120,"Works Area 4.22A",TT_FinMile,,"from First Possession",31-Oct-2016,31-Oct-2016,0,,,,0,,,31-Oct-2016,31-Oct-2016,10-May-2015,10-May-2015,1,0
823B_As-built,823B-HO-0125,"Works Area 4.22B",TT_FinMile,,"from First Possession",31-Oct-2016,31-Oct-2016,0,,,,0,,,31-Oct-2016,31-Oct-2016,10-May-2015,10-May-2015,1,0
823B_As-built,823B-HO-0130,"Works Area 4.23A",TT_FinMile,,"from First Possession",19-Mar-2016,19-Mar-2016,0,15-Aug-2014,15-Aug-2014,,-582,,,31-Oct-2016,31-Oct-2016,17-Feb-2017,17-Feb-2017,1,0
823B_As-built,823B-HO-0135,"Works Area 4.23B",TT_FinMile,,"from First Possession",19-Mar-2016,19-Mar-2016,0,15-Jun-2014,15-Jun-2014,,-643,,,31-Oct-2016,31-Oct-2016,17-Feb-2017,17-Feb-2017,1,0
823B_As-built,823B-HO-0140,"Works Area 4.23D",TT_FinMile,,"from First Possession",19-Mar-2016,19-Mar-2016,0,31-Jul-2014,31-Jul-2014,,-597,,,31-Oct-2016,31-Oct-2016,17-Feb-2017,17-Feb-2017,1,0
823B_As-built,823B-HO-0145,"Works Area 4.23F",TT_FinMile,,"from First Possession",19-Mar-2016,19-Mar-2016,0,15-Jun-2014,15-Jun-2014,,-643,,,31-Oct-2016,31-Oct-2016,17-Feb-2017,17-Feb-2017,1,0
823B_As-built,823B-HO-0050,"Works Area 4.19B",TT_FinMile,,"from First Possession",31-Mar-2013,31-Mar-2013,0,31-Mar-2013,31-Mar-2013,,0,,,01-Oct-2016,01-Oct-2016,17-Feb-2017,17-Feb-2017,7,0
823B_As-built,823B-HO-0055,"Works Area 4.19C",TT_FinMile,,"from First Possession",13-Mar-2013,13-Mar-2013,0,13-Mar-2013,13-Mar-2013,,0,,,01-Oct-2016,01-Oct-2016,17-Feb-2017,17-Feb-2017,7,0
823B_As-built,823B-HO-0060,"Works Area 4.19E",TT_FinMile,,"from First Possession",01-Aug-2015,01-Aug-2015,0,15-Sep-2014,15-Sep-2014,,-320,,,01-Oct-2016,01-Oct-2016,17-Feb-2017,17-Feb-2017,7,0
823B_As-built,823B-HO-0070,"Works Area 4.5",TT_FinMile,,"from First Possession",31-Oct-2016,31-Oct-2016,0,,,,0,,,31-Oct-2016,31-Oct-2016,10-May-2015,10-May-2015,1,0
823B_As-built,823B-HO-0075,"Works Area 4.6A",TT_FinMile,,"from First Possession",31-Oct-2016,31-Oct-2016,0,,,,0,,,31-Oct-2016,31-Oct-2016,10-May-2015,10-May-2015,1,0
823B_As-built,823B-HO-0020,"Works Area 4.8E",TT_FinMile,,"from First Possession",30-Dec-2012,30-Dec-2012,0,30-Dec-2012,30-Dec-2012,,0,,,01-Oct-2016,01-Oct-2016,17-Feb-2017,17-Feb-2017,0,0
823B_As-built,823B-HO-0025,"Works Area 4.18D",TT_FinMile,,"from First Possession",30-Dec-2012,30-Dec-2012,0,30-Dec-2012,30-Dec-2012,,0,,,01-Oct-2016,01-Oct-2016,17-Feb-2017,17-Feb-2017,0,0
823B_As-built,823B-HO-0035,"Works Area 4.17B",TT_FinMile,,"from First Possession",03-Feb-2013,03-Feb-2013,0,03-Feb-2013,03-Feb-2013,,0,,,01-Oct-2016,01-Oct-2016,17-Feb-2017,17-Feb-2017,7,0
823B_As-built,823B-HO-0040,"Works Area 4.17C",TT_FinMile,,"from First Possession",03-Feb-2013,03-Feb-2013,0,03-Feb-2013,03-Feb-2013,,0,,,01-Oct-2016,01-Oct-2016,17-Feb-2017,17-Feb-2017,7,0
823B_As-built,823B-DP007-010,"Design of Temporary Traffic Deck for Kam Tin Road Diversion spanned over cofferdam",TT_Task,,"for Kam Tin Road Diversion spanned over Cofferdam",24-Nov-2010,30-Dec-2010,36,24-Nov-2010,30-Dec-2010,36,0,0,0.00,01-Oct-2016,01-Oct-2016,09-Apr-2015,09-Apr-2015,1,1
823B_As-built,823B-DP007-020,"MTR's review and approval period",TT_Task,,"for Kam Tin Road Diversion spanned over Cofferdam",31-Dec-2010,28-Jan-2011,28,31-Dec-2010,28-Jan-2011,28,0,0,0.00,01-Oct-2016,01-Oct-2016,09-Apr-2015,09-Apr-2015,1,1
823B_As-built,823B-DP007-030,"Respond to MTR's comment and Resubmit (1st)",TT_Task,,"for Kam Tin Road Diversion spanned over Cofferdam",29-Jan-2011,22-Feb-2011,24,29-Jan-2011,22-Feb-2011,24,0,0,0.00,01-Oct-2016,01-Oct-2016,09-Apr-2015,09-Apr-2015,1,1
823B_As-built,823B-DP007-040,"MTR's review and approval period (1st Resubmission)",TT_Task,,"for Kam Tin Road Diversion spanned over Cofferdam",23-Feb-2011,22-Mar-2011,27,23-Feb-2011,22-Mar-2011,27,0,0,0.00,01-Oct-2016,01-Oct-2016,09-Apr-2015,09-Apr-2015,1,1
823B_As-built,823B-DP007-050,"Respond to MTR's comment and Resubmit (2nd)",TT_Task,,"for Kam Tin Road Diversion spanned over Cofferdam",23-Mar-2011,13-Apr-2011,21,23-Mar-2011,13-Apr-2011,21,0,0,0.00,01-Oct-2016,01-Oct-2016,09-Apr-2015,09-Apr-2015,1,1
823B_As-built,823B-DP007-060,"MTR's review and approval period (2nd Resubmission)",TT_Task,,"for Kam Tin Road Diversion spanned over Cofferdam",14-Apr-2011,17-May-2011,33,14-Apr-2011,17-May-2011,33,0,0,0.00,01-Oct-2016,01-Oct-2016,09-Apr-2015,09-Apr-2015,1,1
823B_As-built,823B-DP007-070,"Issue of Completed Working Drawings",TT_Task,,"for Kam Tin Road Diversion spanned over Cofferdam",18-May-2011,24-May-2011,6,18-May-2011,24-May-2011,6,0,0,0.00,01-Oct-2016,01-Oct-2016,09-Apr-2015,09-Apr-2015,1,1
823B_As-built,823B-DP007-150,"Design of Temporary Road  (other than traffic decking)",TT_Task,,"Temporary Road  (other than traffic decking)",20-Oct-2010,23-Nov-2010,34,20-Oct-2010,23-Nov-2010,34,0,0,0.00,01-Oct-2016,01-Oct-2016,09-Apr-2015,09-Apr-2015,1,1
823B_As-built,823B-DP007-160,"MTR's review and approval period",TT_Task,,"Temporary Road  (other than traffic decking)",24-Nov-2010,21-Dec-2010,27,24-Nov-2010,21-Dec-2010,27,0,0,0.00,01-Oct-2016,01-Oct-2016,09-Apr-2015,09-Apr-2015,1,1
823B_As-built,823B-DP007-170,"Respond to MTR's comment and Resubmit (1st)",TT_Task,,"Temporary Road  (other than traffic decking)",22-Dec-2010,14-Jan-2011,23,22-Dec-2010,14-Jan-2011,23,0,0,0.00,01-Oct-2016,01-Oct-2016,09-Apr-2015,09-Apr-2015,1,1
823B_As-built,823B-DP007-180,"MTR's review and approval period (1st Resubmission)",TT_Task,,"Temporary Road  (other than traffic decking)",15-Jan-2011,15-Feb-2011,31,15-Jan-2011,15-Feb-2011,31,0,0,0.00,01-Oct-2016,01-Oct-2016,09-Apr-2015,09-Apr-2015,1,1
823B_As-built,823B-DP007-190,"Respond to MTR's comment and Resubmit (2nd)",TT_Task,,"Temporary Road  (other than traffic decking)",16-Feb-2011,08-Mar-2011,20,16-Feb-2011,08-Mar-2011,20,0,0,0.00,01-Oct-2016,01-Oct-2016,09-Apr-2015,09-Apr-2015,1,1
823B_As-built,823B-DP007-200,"MTR's review and approval period (2nd Resubmission)",TT_Task,,"Temporary Road  (other than traffic decking)",09-Mar-2011,06-Apr-2011,28,09-Mar-2011,06-Apr-2011,28,0,0,0.00,01-Oct-2016,01-Oct-2016,09-Apr-2015,09-Apr-2015,1,1
823B_As-built,823B-DP007-210,"Issue of Completed Working Drawings",TT_Task,,"Temporary Road  (other than traffic decking)",07-Apr-2011,13-Apr-2011,6,07-Apr-2011,13-Apr-2011,6,0,0,0.00,01-Oct-2016,01-Oct-2016,09-Apr-2015,09-Apr-2015,1,1
823B_As-built,823B-DP007-080,"Design of Temporary Traffic Decking for Kam Tin Road Diversion spanned over Shek Kong Stream",TT_Task,,"for Kam Tin Road Diversion spanned over Shek Kong Stream",20-Oct-2010,23-Nov-2010,34,20-Oct-2010,23-Nov-2010,34,0,0,0.00,01-Oct-2016,01-Oct-2016,09-Apr-2015,09-Apr-2015,1,2
823B_As-built,823B-DP007-090,"MTR's review and approval period",TT_Task,,"for Kam Tin Road Diversion spanned over Shek Kong Stream",24-Nov-2010,21-Dec-2010,27,24-Nov-2010,21-Dec-2010,27,0,0,0.00,01-Oct-2016,01-Oct-2016,09-Apr-2015,09-Apr-2015,1,1
823B_As-built,823B-DP007-100,"Respond to MTR's comment and Resubmit (1st)",TT_Task,,"for Kam Tin Road Diversion spanned over Shek Kong Stream",22-Dec-2010,14-Jan-2011,23,22-Dec-2010,14-Jan-2011,23,0,0,0.00,01-Oct-2016,01-Oct-2016,09-Apr-2015,09-Apr-2015,1,1
823B_As-built,823B-DP007-110,"MTR's review and approval period (1st Resubmission)",TT_Task,,"for Kam Tin Road Diversion spanned over Shek Kong Stream",15-Jan-2011,15-Feb-2011,31,15-Jan-2011,15-Feb-2011,31,0,0,0.00,01-Oct-2016,01-Oct-2016,09-Apr-2015,09-Apr-2015,1,1
823B_As-built,823B-DP007-120,"Respond to MTR's comment and Resubmit (2nd)",TT_Task,,"for Kam Tin Road Diversion spanned over Shek Kong Stream",16-Feb-2011,08-Mar-2011,20,16-Feb-2011,08-Mar-2011,20,0,0,0.00,01-Oct-2016,01-Oct-2016,09-Apr-2015,09-Apr-2015,1,1
823B_As-built,823B-DP007-130,"MTR's review and approval period (2nd Resubmission)",TT_Task,,"for Kam Tin Road Diversion spanned over Shek Kong Stream",09-Mar-2011,06-Apr-2011,28,09-Mar-2011,06-Apr-2011,28,0,0,0.00,01-Oct-2016,01-Oct-2016,09-Apr-2015,09-Apr-2015,1,1
823B_As-built,823B-DP007-140,"Issue of Completed Working Drawings",TT_Task,,"for Kam Tin Road Diversion spanned over Shek Kong Stream",07-Apr-2011,13-Apr-2011,6,07-Apr-2011,13-Apr-2011,6,0,0,0.00,01-Oct-2016,01-Oct-2016,09-Apr-2015,09-Apr-2015,1,1
823B_As-built,823B-DP003-010,"Design of ELS and Dewatering for the construction of East Box Culvert",TT_Task,,"East Drainage Box Culvert",20-Oct-2010,16-Nov-2010,27,20-Oct-2010,16-Nov-2010,27,0,0,0.00,01-Oct-2016,01-Oct-2016,30-Jun-2014,30-Jun-2014,1,1
823B_As-built,823B-DP003-020,"MTR's review and approval period",TT_Task,,"East Drainage Box Culvert",17-Nov-2010,14-Dec-2010,27,17-Nov-2010,14-Dec-2010,27,0,0,0.00,01-Oct-2016,01-Oct-2016,30-Jun-2014,30-Jun-2014,1,1
823B_As-built,823B-DP003-030,"Respond to MTR's comment and Resubmit (1st)",TT_Task,,"East Drainage Box Culvert",15-Dec-2010,30-Dec-2010,15,15-Dec-2010,30-Dec-2010,15,0,0,0.00,01-Oct-2016,01-Oct-2016,30-Jun-2014,30-Jun-2014,1,1
823B_As-built,823B-DP003-040,"MTR's review and approval period (1st Resubmission)",TT_Task,,"East Drainage Box Culvert",31-Dec-2010,28-Jan-2011,28,31-Dec-2010,28-Jan-2011,28,0,0,0.00,01-Oct-2016,01-Oct-2016,30-Jun-2014,30-Jun-2014,1,1
823B_As-built,823B-DP003-050,"Respond to MTR's comment and Resubmit (2nd)",TT_Task,,"East Drainage Box Culvert",29-Jan-2011,08-Feb-2011,10,29-Jan-2011,08-Feb-2011,10,0,0,0.00,01-Oct-2016,01-Oct-2016,30-Jun-2014,30-Jun-2014,1,1
823B_As-built,823B-DP003-060,"MTR's review and approval period (2nd Resubmission)",TT_Task,,"East Drainage Box Culvert",09-Feb-2011,01-Mar-2011,20,09-Feb-2011,01-Mar-2011,20,0,0,0.00,01-Oct-2016,01-Oct-2016,30-Jun-2014,30-Jun-2014,1,1
823B_As-built,823B-DP003-070,"Issue of Completed Working Drawings",TT_Task,,"East Drainage Box Culvert",02-Mar-2011,05-Mar-2011,3,02-Mar-2011,05-Mar-2011,3,0,0,0.00,01-Oct-2016,01-Oct-2016,30-Jun-2014,30-Jun-2014,1,2
823B_As-built,823B-DP003-080,"Design of ELS and Dewatering for the construction of West Box Culvert",TT_Task,,"West Drainage Box Culvert",20-Oct-2010,02-Nov-2010,13,20-Oct-2010,02-Nov-2010,13,0,0,0.00,01-Oct-2016,01-Oct-2016,09-Apr-2015,09-Apr-2015,1,1
823B_As-built,823B-DP003-090,"MTR's review and approval period",TT_Task,,"West Drainage Box Culvert",03-Nov-2010,30-Nov-2010,27,03-Nov-2010,30-Nov-2010,27,0,0,0.00,01-Oct-2016,01-Oct-2016,09-Apr-2015,09-Apr-2015,1,1
823B_As-built,823B-DP003-100,"Respond to MTR's comment and Resubmit (1st)",TT_Task,,"West Drainage Box Culvert",01-Dec-2010,07-Dec-2010,6,01-Dec-2010,07-Dec-2010,6,0,0,0.00,01-Oct-2016,01-Oct-2016,09-Apr-2015,09-Apr-2015,1,1
823B_As-built,823B-DP003-110,"MTR's review and approval period (1st Resubmission)",TT_Task,,"West Drainage Box Culvert",08-Dec-2010,07-Jan-2011,30,08-Dec-2010,07-Jan-2011,30,0,0,0.00,01-Oct-2016,01-Oct-2016,09-Apr-2015,09-Apr-2015,1,1
823B_As-built,823B-DP003-120,"Respond to MTR's comment and Resubmit (2nd)",TT_Task,,"West Drainage Box Culvert",08-Jan-2011,14-Jan-2011,6,08-Jan-2011,14-Jan-2011,6,0,0,0.00,01-Oct-2016,01-Oct-2016,09-Apr-2015,09-Apr-2015,1,1
823B_As-built,823B-DP003-130,"MTR's review and approval period (2nd Resubmission)",TT_Task,,"West Drainage Box Culvert",15-Jan-2011,15-Feb-2011,31,15-Jan-2011,15-Feb-2011,31,0,0,0.00,01-Oct-2016,01-Oct-2016,09-Apr-2015,09-Apr-2015,1,1
823B_As-built,823B-DP003-140,"Issue of Completed Working Drawings",TT_Task,,"West Drainage Box Culvert",16-Feb-2011,19-Feb-2011,3,16-Feb-2011,19-Feb-2011,3,0,0,0.00,01-Oct-2016,01-Oct-2016,09-Apr-2015,09-Apr-2015,1,1
823B_As-built,823B-DP002-010,"Design of ELS for the Construction of ERS",TT_Task,,"Temporary Works Design for the Construction of ERS",20-Oct-2010,10-Dec-2010,51,20-Oct-2010,10-Dec-2010,51,0,0,0.00,01-Oct-2016,01-Oct-2016,19-May-2014,19-May-2014,1,1
823B_As-built,823B-DP002-020,"MTR's review and approval period",TT_Task,,"Temporary Works Design for the Construction of ERS",11-Dec-2010,11-Jan-2011,31,11-Dec-2010,11-Jan-2011,31,0,0,0.00,01-Oct-2016,01-Oct-2016,19-May-2014,19-May-2014,1,1
823B_As-built,823B-DP002-030,"Respond to MTR's comment and Resubmit (1st)",TT_Task,,"Temporary Works Design for the Construction of ERS",12-Jan-2011,25-Jan-2011,13,12-Jan-2011,25-Jan-2011,13,0,0,0.00,01-Oct-2016,01-Oct-2016,19-May-2014,19-May-2014,1,1
823B_As-built,823B-DP002-040,"MTR's review and approval period (1st Resubmission)",TT_Task,,"Temporary Works Design for the Construction of ERS",26-Jan-2011,25-Feb-2011,30,26-Jan-2011,25-Feb-2011,30,0,0,0.00,01-Oct-2016,01-Oct-2016,19-May-2014,19-May-2014,1,1
823B_As-built,823B-DP002-050,"Respond to MTR's comment and Resubmit (2nd)",TT_Task,,"Temporary Works Design for the Construction of ERS",26-Feb-2011,11-Mar-2011,13,26-Feb-2011,11-Mar-2011,13,0,0,0.00,01-Oct-2016,01-Oct-2016,19-May-2014,19-May-2014,1,1
823B_As-built,823B-DP002-060,"MTR's review and approval period (2nd Resubmission)",TT_Task,,"Temporary Works Design for the Construction of ERS",12-Mar-2011,09-Apr-2011,28,12-Mar-2011,09-Apr-2011,28,0,0,0.00,01-Oct-2016,01-Oct-2016,19-May-2014,19-May-2014,1,1
823B_As-built,823B-DP002-070,"Issue of Completed Working Drawings",TT_Task,,"Temporary Works Design for the Construction of ERS",11-Apr-2011,16-Apr-2011,5,11-Apr-2011,16-Apr-2011,5,0,0,0.00,01-Oct-2016,01-Oct-2016,19-May-2014,19-May-2014,1,9
823B_As-built,823B-DP013-010,"Design of Protection Measures for Utility Services",TT_Task,,"Protection Measures for Utility Services",04-Dec-2010,11-Jan-2011,38,04-Dec-2010,11-Jan-2011,38,0,0,0.00,01-Oct-2016,01-Oct-2016,10-May-2015,10-May-2015,1,1
823B_As-built,823B-DP013-020,"MTR's review and approval period",TT_Task,,"Protection Measures for Utility Services",12-Jan-2011,11-Feb-2011,30,12-Jan-2011,11-Feb-2011,30,0,0,0.00,01-Oct-2016,01-Oct-2016,10-May-2015,10-May-2015,1,1
823B_As-built,823B-DP013-030,"Respond to MTR's comment and Resubmit (1st)",TT_Task,,"Protection Measures for Utility Services",12-Feb-2011,18-Feb-2011,6,12-Feb-2011,18-Feb-2011,6,0,0,0.00,01-Oct-2016,01-Oct-2016,10-May-2015,10-May-2015,1,1
823B_As-built,823B-DP013-040,"MTR's review and approval period (1st Resubmission)",TT_Task,,"Protection Measures for Utility Services",19-Feb-2011,18-Mar-2011,27,19-Feb-2011,18-Mar-2011,27,0,0,0.00,01-Oct-2016,01-Oct-2016,10-May-2015,10-May-2015,1,1
823B_As-built,823B-DP013-050,"Respond to MTR's comment and Resubmit (2nd)",TT_Task,,"Protection Measures for Utility Services",19-Mar-2011,25-Mar-2011,6,19-Mar-2011,25-Mar-2011,6,0,0,0.00,01-Oct-2016,01-Oct-2016,10-May-2015,10-May-2015,1,1
823B_As-built,823B-DP013-060,"MTR's review and approval period (2nd Resubmission)",TT_Task,,"Protection Measures for Utility Services",26-Mar-2011,27-Apr-2011,32,26-Mar-2011,27-Apr-2011,32,0,0,0.00,01-Oct-2016,01-Oct-2016,10-May-2015,10-May-2015,1,1
823B_As-built,823B-DP013-070,"Issue of Completed Working Drawings",TT_Task,,"Protection Measures for Utility Services",28-Apr-2011,05-May-2011,7,28-Apr-2011,05-May-2011,7,0,0,0.00,01-Oct-2016,01-Oct-2016,10-May-2015,10-May-2015,1,1
823B_As-built,823B-DP005-080,"Design of Connections and the associated thrust blocks",TT_Task,,"Connections and associated Thrust Blocks",20-Oct-2010,30-Dec-2010,71,20-Oct-2010,30-Dec-2010,71,0,0,0.00,01-Oct-2016,01-Oct-2016,10-May-2015,10-May-2015,1,1
823B_As-built,823B-DP005-090,"MTR's review and approval period",TT_Task,,"Connections and associated Thrust Blocks",31-Dec-2010,28-Jan-2011,28,31-Dec-2010,28-Jan-2011,28,0,0,0.00,01-Oct-2016,01-Oct-2016,10-May-2015,10-May-2015,1,1
823B_As-built,823B-DP005-100,"Respond to MTR's comment and Resubmit (1st)",TT_Task,,"Connections and associated Thrust Blocks",29-Jan-2011,22-Feb-2011,24,29-Jan-2011,22-Feb-2011,24,0,0,0.00,01-Oct-2016,01-Oct-2016,10-May-2015,10-May-2015,1,1
823B_As-built,823B-DP005-110,"MTR's review and approval period (1st Resubmission)",TT_Task,,"Connections and associated Thrust Blocks",23-Feb-2011,22-Mar-2011,27,23-Feb-2011,22-Mar-2011,27,0,0,0.00,01-Oct-2016,01-Oct-2016,10-May-2015,10-May-2015,1,1
823B_As-built,823B-DP005-120,"Respond to MTR's comment and Resubmit (2nd)",TT_Task,,"Connections and associated Thrust Blocks",23-Mar-2011,06-Apr-2011,14,23-Mar-2011,06-Apr-2011,14,0,0,0.00,01-Oct-2016,01-Oct-2016,10-May-2015,10-May-2015,1,1
823B_As-built,823B-DP005-130,"MTR's review and approval period (2nd Resubmission)",TT_Task,,"Connections and associated Thrust Blocks",07-Apr-2011,09-May-2011,32,07-Apr-2011,09-May-2011,32,0,0,0.00,01-Oct-2016,01-Oct-2016,10-May-2015,10-May-2015,1,1
823B_As-built,823B-DP005-140,"Issue of Completed Working Drawings",TT_Task,,"Connections and associated Thrust Blocks",11-May-2011,14-May-2011,3,11-May-2011,14-May-2011,3,0,0,0.00,01-Oct-2016,01-Oct-2016,10-May-2015,10-May-2015,1,1
823B_As-built,823B-DP005-010,"Design of Temporary support for WSD DN1400 Watermain spanned over cofferdam",TT_Task,,"Temporary Support for WSD DN1400 Watermain spanned over Cofferdam",20-Oct-2010,30-Dec-2010,71,20-Oct-2010,30-Dec-2010,71,0,0,0.00,01-Oct-2016,01-Oct-2016,10-May-2015,10-May-2015,1,2
823B_As-built,823B-DP005-020,"MTR's review and approval period",TT_Task,,"Temporary Support for WSD DN1400 Watermain spanned over Cofferdam",31-Dec-2010,28-Jan-2011,28,31-Dec-2010,28-Jan-2011,28,0,0,0.00,01-Oct-2016,01-Oct-2016,10-May-2015,10-May-2015,1,1
823B_As-built,823B-DP005-030,"Respond to MTR's comment and Resubmit (1st)",TT_Task,,"Temporary Support for WSD DN1400 Watermain spanned over Cofferdam",29-Jan-2011,22-Feb-2011,24,29-Jan-2011,22-Feb-2011,24,0,0,0.00,01-Oct-2016,01-Oct-2016,10-May-2015,10-May-2015,1,1
823B_As-built,823B-DP005-040,"MTR's review and approval period (1st Resubmission)",TT_Task,,"Temporary Support for WSD DN1400 Watermain spanned over Cofferdam",23-Feb-2011,22-Mar-2011,27,23-Feb-2011,22-Mar-2011,27,0,0,0.00,01-Oct-2016,01-Oct-2016,10-May-2015,10-May-2015,1,1
823B_As-built,823B-DP005-050,"Respond to MTR's comment and Resubmit (2nd)",TT_Task,,"Temporary Support for WSD DN1400 Watermain spanned over Cofferdam",23-Mar-2011,06-Apr-2011,14,23-Mar-2011,06-Apr-2011,14,0,0,0.00,01-Oct-2016,01-Oct-2016,10-May-2015,10-May-2015,1,1
823B_As-built,823B-DP005-060,"MTR's review and approval period (2nd Resubmission)",TT_Task,,"Temporary Support for WSD DN1400 Watermain spanned over Cofferdam",07-Apr-2011,09-May-2011,32,07-Apr-2011,09-May-2011,32,0,0,0.00,01-Oct-2016,01-Oct-2016,10-May-2015,10-May-2015,1,1
823B_As-built,823B-DP005-070,"Issue of Completed Working Drawings",TT_Task,,"Temporary Support for WSD DN1400 Watermain spanned over Cofferdam",11-May-2011,14-May-2011,3,11-May-2011,14-May-2011,3,0,0,0.00,01-Oct-2016,01-Oct-2016,10-May-2015,10-May-2015,1,1
823B_As-built,823B-DP001-010,"Design of Temporary Diaphragm Wall and ELS",TT_Task,,"Temporary Works Design for Running Tunnel and Approach Tunnel",20-Oct-2010,11-Nov-2010,22,20-Oct-2010,11-Nov-2010,22,0,0,0.00,01-Oct-2016,01-Oct-2016,30-Jun-2014,30-Jun-2014,1,1
823B_As-built,823B-DP001-020,"MTR's review and approval period",TT_Task,,"Temporary Works Design for Running Tunnel and Approach Tunnel",12-Nov-2010,09-Dec-2010,27,12-Nov-2010,09-Dec-2010,27,0,0,0.00,01-Oct-2016,01-Oct-2016,30-Jun-2014,30-Jun-2014,1,1
823B_As-built,823B-DP001-030,"Respond to MTR's comment and Resubmit (1st)",TT_Task,,"Temporary Works Design for Running Tunnel and Approach Tunnel",10-Dec-2010,23-Dec-2010,13,10-Dec-2010,23-Dec-2010,13,0,0,0.00,01-Oct-2016,01-Oct-2016,30-Jun-2014,30-Jun-2014,1,1
823B_As-built,823B-DP001-040,"MTR's review and approval period (1st Resubmission)",TT_Task,,"Temporary Works Design for Running Tunnel and Approach Tunnel",24-Dec-2010,24-Jan-2011,31,24-Dec-2010,24-Jan-2011,31,0,0,0.00,01-Oct-2016,01-Oct-2016,30-Jun-2014,30-Jun-2014,1,1
823B_As-built,823B-DP001-050,"Respond to MTR's comment and Resubmit (2nd)",TT_Task,,"Temporary Works Design for Running Tunnel and Approach Tunnel",25-Jan-2011,10-Feb-2011,16,25-Jan-2011,10-Feb-2011,16,0,0,0.00,01-Oct-2016,01-Oct-2016,30-Jun-2014,30-Jun-2014,1,1
823B_As-built,823B-DP001-060,"MTR's review and approval period (2nd Resubmission)",TT_Task,,"Temporary Works Design for Running Tunnel and Approach Tunnel",11-Feb-2011,10-Mar-2011,27,11-Feb-2011,10-Mar-2011,27,0,0,0.00,01-Oct-2016,01-Oct-2016,30-Jun-2014,30-Jun-2014,1,1
823B_As-built,823B-DP001-070,"Issue of Completed Working Drawings",TT_Task,,"Temporary Works Design for Running Tunnel and Approach Tunnel",11-Mar-2011,17-Mar-2011,6,11-Mar-2011,17-Mar-2011,6,0,0,0.00,01-Oct-2016,01-Oct-2016,30-Jun-2014,30-Jun-2014,1,1
823B_As-built,823B-DP006-010,"Design of Temporary support for Temporary Stream Diversion of Leung Uk Tsuen Stream spanned over cofferdam",TT_Task,,"Temporary Support for Drainage Diversion spanned over Cofferdam",20-Oct-2010,30-Dec-2010,71,20-Oct-2010,30-Dec-2010,71,0,0,0.00,01-Oct-2016,01-Oct-2016,19-May-2014,19-May-2014,1,1
823B_As-built,823B-DP006-020,"MTR's review and approval period",TT_Task,,"Temporary Support for Drainage Diversion spanned over Cofferdam",31-Dec-2010,28-Jan-2011,28,31-Dec-2010,28-Jan-2011,28,0,0,0.00,01-Oct-2016,01-Oct-2016,19-May-2014,19-May-2014,1,1
823B_As-built,823B-DP006-030,"Respond to MTR's comment and Resubmit (1st)",TT_Task,,"Temporary Support for Drainage Diversion spanned over Cofferdam",29-Jan-2011,22-Feb-2011,24,29-Jan-2011,22-Feb-2011,24,0,0,0.00,01-Oct-2016,01-Oct-2016,19-May-2014,19-May-2014,1,1
823B_As-built,823B-DP006-040,"MTR's review and approval period (1st Resubmission)",TT_Task,,"Temporary Support for Drainage Diversion spanned over Cofferdam",23-Feb-2011,22-Mar-2011,27,23-Feb-2011,22-Mar-2011,27,0,0,0.00,01-Oct-2016,01-Oct-2016,19-May-2014,19-May-2014,1,1
823B_As-built,823B-DP006-050,"Respond to MTR's comment and Resubmit (2nd)",TT_Task,,"Temporary Support for Drainage Diversion spanned over Cofferdam",23-Mar-2011,13-Apr-2011,21,23-Mar-2011,13-Apr-2011,21,0,0,0.00,01-Oct-2016,01-Oct-2016,19-May-2014,19-May-2014,1,1
823B_As-built,823B-DP006-060,"MTR's review and approval period (2nd Resubmission)",TT_Task,,"Temporary Support for Drainage Diversion spanned over Cofferdam",14-Apr-2011,17-May-2011,33,14-Apr-2011,17-May-2011,33,0,0,0.00,01-Oct-2016,01-Oct-2016,19-May-2014,19-May-2014,1,1
823B_As-built,823B-DP006-070,"Issue of Completed Working Drawings",TT_Task,,"Temporary Support for Drainage Diversion spanned over Cofferdam",18-May-2011,21-May-2011,3,18-May-2011,21-May-2011,3,0,0,0.00,01-Oct-2016,01-Oct-2016,19-May-2014,19-May-2014,1,1
823B_As-built,823B-DP009-010,"Design of Acoustic Absorption Panels within ERS and to part of the SSS perimeter",TT_Task,,"Acoustic Absorption Panesls within ERS and to part of the SSS perimeter",05-May-2011,10-Jun-2011,36,05-May-2011,10-Jun-2011,36,0,0,0.00,01-Oct-2016,01-Oct-2016,10-May-2015,10-May-2015,1,1
823B_As-built,823B-DP009-020,"MTR's review and approval period",TT_Task,,"Acoustic Absorption Panesls within ERS and to part of the SSS perimeter",11-Jun-2011,09-Jul-2011,28,11-Jun-2011,09-Jul-2011,28,0,0,0.00,01-Oct-2016,01-Oct-2016,10-May-2015,10-May-2015,1,1
823B_As-built,823B-DP009-030,"Respond to MTR's comment and Resubmit (1st)",TT_Task,,"Acoustic Absorption Panesls within ERS and to part of the SSS perimeter",11-Jul-2011,26-Jul-2011,15,11-Jul-2011,26-Jul-2011,15,0,0,0.00,01-Oct-2016,01-Oct-2016,10-May-2015,10-May-2015,1,1
823B_As-built,823B-DP009-040,"MTR's review and approval period (1st Resubmission)",TT_Task,,"Acoustic Absorption Panesls within ERS and to part of the SSS perimeter",27-Jul-2011,23-Aug-2011,27,27-Jul-2011,23-Aug-2011,27,0,0,0.00,01-Oct-2016,01-Oct-2016,10-May-2015,10-May-2015,1,1
823B_As-built,823B-DP009-050,"Respond to MTR's comment and Resubmit (2nd)",TT_Task,,"Acoustic Absorption Panesls within ERS and to part of the SSS perimeter",24-Aug-2011,08-Sep-2011,15,24-Aug-2011,08-Sep-2011,15,0,0,0.00,01-Oct-2016,01-Oct-2016,10-May-2015,10-May-2015,1,1
823B_As-built,823B-DP009-060,"MTR's review and approval period (2nd Resubmission)",TT_Task,,"Acoustic Absorption Panesls within ERS and to part of the SSS perimeter",09-Sep-2011,10-Oct-2011,31,09-Sep-2011,10-Oct-2011,31,0,0,0.00,01-Oct-2016,01-Oct-2016,10-May-2015,10-May-2015,1,1
823B_As-built,823B-DP009-070,"Issue of Completed Working Drawings",TT_Task,,"Acoustic Absorption Panesls within ERS and to part of the SSS perimeter",11-Oct-2011,17-Oct-2011,6,11-Oct-2011,17-Oct-2011,6,0,0,0.00,01-Oct-2016,01-Oct-2016,10-May-2015,10-May-2015,1,9
823B_As-built,823B-DP015-010,"Design of Temporary Decking over Nullah at the end of Shek Kong Airfield Road",TT_Task,,"over Nullah at the end of Shek Kong Airfield Road",13-May-2011,26-May-2011,13,13-May-2011,26-May-2011,13,0,0,0.00,01-Oct-2016,01-Oct-2016,17-Feb-2017,17-Feb-2017,0,2
823B_As-built,823B-DP015-020,"MTR's review and approval period",TT_Task,,"over Nullah at the end of Shek Kong Airfield Road",27-May-2011,24-Jun-2011,28,27-May-2011,24-Jun-2011,28,0,0,0.00,01-Oct-2016,01-Oct-2016,17-Feb-2017,17-Feb-2017,1,1
823B_As-built,823B-DP015-030,"Respond to MTR's comment and Resubmit",TT_Task,,"over Nullah at the end of Shek Kong Airfield Road",25-Jun-2011,02-Jul-2011,7,25-Jun-2011,02-Jul-2011,7,0,0,0.00,01-Oct-2016,01-Oct-2016,17-Feb-2017,17-Feb-2017,1,1
823B_As-built,823B-DP015-040,"MTR's review and approval period",TT_Task,,"over Nullah at the end of Shek Kong Airfield Road",04-Jul-2011,30-Jul-2011,26,04-Jul-2011,30-Jul-2011,26,0,0,0.00,01-Oct-2016,01-Oct-2016,17-Feb-2017,17-Feb-2017,1,1
823B_As-built,823B-DP015-050,"Issue of Completed Working Drawings",TT_Task,,"over Nullah at the end of Shek Kong Airfield Road",01-Aug-2011,06-Aug-2011,5,01-Aug-2011,06-Aug-2011,5,0,0,0.00,01-Oct-2016,01-Oct-2016,17-Feb-2017,17-Feb-2017,1,0
823B_As-built,823B-DP015-060,"Design of Temporary Decking over Internal Temporary Drainage",TT_Task,,"over Internal Temporary Drainage",27-May-2011,10-Jun-2011,14,27-May-2011,10-Jun-2011,14,0,0,0.00,01-Oct-2016,01-Oct-2016,17-Feb-2017,17-Feb-2017,1,1
823B_As-built,823B-DP015-070,"MTR's review and approval period",TT_Task,,"over Internal Temporary Drainage",11-Jun-2011,09-Jul-2011,28,11-Jun-2011,09-Jul-2011,28,0,0,0.00,01-Oct-2016,01-Oct-2016,17-Feb-2017,17-Feb-2017,1,1
823B_As-built,823B-DP015-080,"Respond to MTR's comment and Resubmit",TT_Task,,"over Internal Temporary Drainage",11-Jul-2011,16-Jul-2011,5,11-Jul-2011,16-Jul-2011,5,0,0,0.00,01-Oct-2016,01-Oct-2016,17-Feb-2017,17-Feb-2017,1,1
823B_As-built,823B-DP015-090,"MTR's review and approval period",TT_Task,,"over Internal Temporary Drainage",18-Jul-2011,13-Aug-2011,26,18-Jul-2011,13-Aug-2011,26,0,0,0.00,01-Oct-2016,01-Oct-2016,17-Feb-2017,17-Feb-2017,1,1
823B_As-built,823B-DP015-100,"Issue of Completed Working Drawings",TT_Task,,"over Internal Temporary Drainage",15-Aug-2011,20-Aug-2011,5,15-Aug-2011,20-Aug-2011,5,0,0,0.00,01-Oct-2016,01-Oct-2016,17-Feb-2017,17-Feb-2017,1,0
823B_As-built,823B-DP004-080,"Flood Mitigation Plan of the Site",TT_Task,,"Flood Mitigation Plan",20-Oct-2010,23-Nov-2010,34,20-Oct-2010,23-Nov-2010,34,0,0,0.00,01-Oct-2016,01-Oct-2016,03-Mar-2014,03-Mar-2014,1,1
823B_As-built,823B-DP004-090,"MTR's review and approval period",TT_Task,,"Flood Mitigation Plan",24-Nov-2010,21-Dec-2010,27,24-Nov-2010,21-Dec-2010,27,0,0,0.00,01-Oct-2016,01-Oct-2016,03-Mar-2014,03-Mar-2014,1,1
823B_As-built,823B-DP004-100,"Respond to MTR's comment and Resubmit (1st)",TT_Task,,"Flood Mitigation Plan",22-Dec-2010,14-Jan-2011,23,22-Dec-2010,14-Jan-2011,23,0,0,0.00,01-Oct-2016,01-Oct-2016,03-Mar-2014,03-Mar-2014,1,1
823B_As-built,823B-DP004-110,"MTR's review and approval period (1st Resubmission)",TT_Task,,"Flood Mitigation Plan",15-Jan-2011,15-Feb-2011,31,15-Jan-2011,15-Feb-2011,31,0,0,0.00,01-Oct-2016,01-Oct-2016,03-Mar-2014,03-Mar-2014,1,1
823B_As-built,823B-DP004-120,"Respond to MTR's comment and Resubmit (2nd)",TT_Task,,"Flood Mitigation Plan",16-Feb-2011,01-Mar-2011,13,16-Feb-2011,01-Mar-2011,13,0,0,0.00,01-Oct-2016,01-Oct-2016,03-Mar-2014,03-Mar-2014,1,1
823B_As-built,823B-DP004-130,"MTR's review and approval period (2nd Resubmission)",TT_Task,,"Flood Mitigation Plan",02-Mar-2011,29-Mar-2011,27,02-Mar-2011,29-Mar-2011,27,0,0,0.00,01-Oct-2016,01-Oct-2016,03-Mar-2014,03-Mar-2014,1,1
823B_As-built,823B-DP004-140,"Issue of Completed Working Drawings",TT_Task,,"Flood Mitigation Plan",30-Mar-2011,02-Apr-2011,3,30-Mar-2011,02-Apr-2011,3,0,0,0.00,01-Oct-2016,01-Oct-2016,03-Mar-2014,03-Mar-2014,1,1
823B_As-built,823B-DP004-150,"All Temporary Stream Diversion",TT_Task,,"All Temporary Stream Diversion",20-Oct-2010,23-Nov-2010,34,20-Oct-2010,23-Nov-2010,34,0,0,0.00,01-Oct-2016,01-Oct-2016,03-Mar-2014,03-Mar-2014,1,1
823B_As-built,823B-DP004-160,"MTR's review and approval period",TT_Task,,"All Temporary Stream Diversion",24-Nov-2010,21-Dec-2010,27,24-Nov-2010,21-Dec-2010,27,0,0,0.00,01-Oct-2016,01-Oct-2016,03-Mar-2014,03-Mar-2014,1,1
823B_As-built,823B-DP004-170,"Respond to MTR's comment and Resubmit (1st)",TT_Task,,"All Temporary Stream Diversion",22-Dec-2010,07-Jan-2011,16,22-Dec-2010,07-Jan-2011,16,0,0,0.00,01-Oct-2016,01-Oct-2016,03-Mar-2014,03-Mar-2014,1,1
823B_As-built,823B-DP004-180,"MTR's review and approval period (1st Resubmission)",TT_Task,,"All Temporary Stream Diversion",08-Jan-2011,08-Feb-2011,31,08-Jan-2011,08-Feb-2011,31,0,0,0.00,01-Oct-2016,01-Oct-2016,03-Mar-2014,03-Mar-2014,1,1
823B_As-built,823B-DP004-190,"Respond to MTR's comment and Resubmit (2nd)",TT_Task,,"All Temporary Stream Diversion",09-Feb-2011,15-Feb-2011,6,09-Feb-2011,15-Feb-2011,6,0,0,0.00,01-Oct-2016,01-Oct-2016,03-Mar-2014,03-Mar-2014,1,1
823B_As-built,823B-DP004-200,"MTR's review and approval period (2nd Resubmission)",TT_Task,,"All Temporary Stream Diversion",16-Feb-2011,15-Mar-2011,27,16-Feb-2011,15-Mar-2011,27,0,0,0.00,01-Oct-2016,01-Oct-2016,03-Mar-2014,03-Mar-2014,1,1
823B_As-built,823B-DP004-210,"Issue of Completed Working Drawings",TT_Task,,"All Temporary Stream Diversion",16-Mar-2011,19-Mar-2011,3,16-Mar-2011,19-Mar-2011,3,0,0,0.00,01-Oct-2016,01-Oct-2016,03-Mar-2014,03-Mar-2014,1,1
823B_As-built,823B-DP004-010,"Drainage Impact Assessment (DIA) Study Report",TT_Task,,"Drainage Impact Assessment (DIA)",20-Oct-2010,23-Nov-2010,34,20-Oct-2010,23-Nov-2010,34,0,0,0.00,01-Oct-2016,01-Oct-2016,03-Mar-2014,03-Mar-2014,1,1
823B_As-built,823B-DP004-020,"MTR's review and approval period",TT_Task,,"Drainage Impact Assessment (DIA)",24-Nov-2010,21-Dec-2010,27,24-Nov-2010,21-Dec-2010,27,0,0,0.00,01-Oct-2016,01-Oct-2016,03-Mar-2014,03-Mar-2014,1,1
823B_As-built,823B-DP004-030,"Respond to MTR's comment and Resubmit (1st)",TT_Task,,"Drainage Impact Assessment (DIA)",22-Dec-2010,07-Jan-2011,16,22-Dec-2010,07-Jan-2011,16,0,0,0.00,01-Oct-2016,01-Oct-2016,03-Mar-2014,03-Mar-2014,1,1
823B_As-built,823B-DP004-040,"MTR's review and approval period (1st Resubmission)",TT_Task,,"Drainage Impact Assessment (DIA)",08-Jan-2011,08-Feb-2011,31,08-Jan-2011,08-Feb-2011,31,0,0,0.00,01-Oct-2016,01-Oct-2016,03-Mar-2014,03-Mar-2014,1,1
823B_As-built,823B-DP004-050,"Respond to MTR's comment and Resubmit (2nd)",TT_Task,,"Drainage Impact Assessment (DIA)",09-Feb-2011,15-Feb-2011,6,09-Feb-2011,15-Feb-2011,6,0,0,0.00,01-Oct-2016,01-Oct-2016,03-Mar-2014,03-Mar-2014,1,1
823B_As-built,823B-DP004-060,"MTR's review and approval period (2nd Resubmission)",TT_Task,,"Drainage Impact Assessment (DIA)",16-Feb-2011,15-Mar-2011,27,16-Feb-2011,15-Mar-2011,27,0,0,0.00,01-Oct-2016,01-Oct-2016,03-Mar-2014,03-Mar-2014,1,1
823B_As-built,823B-DP004-070,"Issue of Completed Working Drawings",TT_Task,,"Drainage Impact Assessment (DIA)",16-Mar-2011,19-Mar-2011,3,16-Mar-2011,19-Mar-2011,3,0,0,0.00,01-Oct-2016,01-Oct-2016,03-Mar-2014,03-Mar-2014,1,1
823B_As-built,823B-DP008-080,"Design of Road geotmetry levels, Pavement compostion and Road drainage and associated Footpath",TT_Task,,"Road Geotmetry Levels, Pavement Compostion, Road Drainage & Associated Footpath",20-Oct-2010,23-Nov-2010,34,20-Oct-2010,23-Nov-2010,34,0,0,0.00,01-Oct-2016,01-Oct-2016,09-Apr-2015,09-Apr-2015,1,1
823B_As-built,823B-DP008-090,"MTR's review and approval period",TT_Task,,"Road Geotmetry Levels, Pavement Compostion, Road Drainage & Associated Footpath",24-Nov-2010,21-Dec-2010,27,24-Nov-2010,21-Dec-2010,27,0,0,0.00,01-Oct-2016,01-Oct-2016,09-Apr-2015,09-Apr-2015,1,1
823B_As-built,823B-DP008-100,"Respond to MTR's comment and Resubmit (1st)",TT_Task,,"Road Geotmetry Levels, Pavement Compostion, Road Drainage & Associated Footpath",22-Dec-2010,14-Jan-2011,23,22-Dec-2010,14-Jan-2011,23,0,0,0.00,01-Oct-2016,01-Oct-2016,09-Apr-2015,09-Apr-2015,1,1
823B_As-built,823B-DP008-110,"MTR's review and approval period (1st Resubmission)",TT_Task,,"Road Geotmetry Levels, Pavement Compostion, Road Drainage & Associated Footpath",15-Jan-2011,15-Feb-2011,31,15-Jan-2011,15-Feb-2011,31,0,0,0.00,01-Oct-2016,01-Oct-2016,09-Apr-2015,09-Apr-2015,1,1
823B_As-built,823B-DP008-120,"Respond to MTR's comment and Resubmit (2nd)",TT_Task,,"Road Geotmetry Levels, Pavement Compostion, Road Drainage & Associated Footpath",16-Feb-2011,08-Mar-2011,20,16-Feb-2011,08-Mar-2011,20,0,0,0.00,01-Oct-2016,01-Oct-2016,09-Apr-2015,09-Apr-2015,1,1
823B_As-built,823B-DP008-130,"MTR's review and approval period (2nd Resubmission)",TT_Task,,"Road Geotmetry Levels, Pavement Compostion, Road Drainage & Associated Footpath",09-Mar-2011,06-Apr-2011,28,09-Mar-2011,06-Apr-2011,28,0,0,0.00,01-Oct-2016,01-Oct-2016,09-Apr-2015,09-Apr-2015,1,1
823B_As-built,823B-DP008-140,"Issue of Completed Working Drawings",TT_Task,,"Road Geotmetry Levels, Pavement Compostion, Road Drainage & Associated Footpath",07-Apr-2011,13-Apr-2011,6,07-Apr-2011,13-Apr-2011,6,0,0,0.00,01-Oct-2016,01-Oct-2016,09-Apr-2015,09-Apr-2015,1,1
823B_As-built,823B-DP008-010,"TTM for Kam Tin Road Diversion",TT_Task,,"TTM for Kam Tin Road Diversion",20-Oct-2010,23-Nov-2010,34,20-Oct-2010,23-Nov-2010,34,0,0,0.00,01-Oct-2016,01-Oct-2016,09-Apr-2015,09-Apr-2015,1,1
823B_As-built,823B-DP008-020,"MTR's review and approval period",TT_Task,,"TTM for Kam Tin Road Diversion",24-Nov-2010,21-Dec-2010,27,24-Nov-2010,21-Dec-2010,27,0,0,0.00,01-Oct-2016,01-Oct-2016,09-Apr-2015,09-Apr-2015,1,1
823B_As-built,823B-DP008-030,"Respond to MTR's comment and Resubmit (1st)",TT_Task,,"TTM for Kam Tin Road Diversion",22-Dec-2010,14-Jan-2011,23,22-Dec-2010,14-Jan-2011,23,0,0,0.00,01-Oct-2016,01-Oct-2016,09-Apr-2015,09-Apr-2015,1,1
823B_As-built,823B-DP008-040,"MTR's review and approval period (1st Resubmission)",TT_Task,,"TTM for Kam Tin Road Diversion",15-Jan-2011,15-Feb-2011,31,15-Jan-2011,15-Feb-2011,31,0,0,0.00,01-Oct-2016,01-Oct-2016,09-Apr-2015,09-Apr-2015,1,1
823B_As-built,823B-DP008-050,"Respond to MTR's comment and Resubmit (2nd)",TT_Task,,"TTM for Kam Tin Road Diversion",16-Feb-2011,01-Mar-2011,13,16-Feb-2011,01-Mar-2011,13,0,0,0.00,01-Oct-2016,01-Oct-2016,09-Apr-2015,09-Apr-2015,1,1
823B_As-built,823B-DP008-060,"MTR's review and approval period (2nd Resubmission)",TT_Task,,"TTM for Kam Tin Road Diversion",02-Mar-2011,29-Mar-2011,27,02-Mar-2011,29-Mar-2011,27,0,0,0.00,01-Oct-2016,01-Oct-2016,09-Apr-2015,09-Apr-2015,1,1
823B_As-built,823B-DP008-070,"Issue of Completed Working Drawings",TT_Task,,"TTM for Kam Tin Road Diversion",30-Mar-2011,01-Apr-2011,2,30-Mar-2011,01-Apr-2011,2,0,0,0.00,01-Oct-2016,01-Oct-2016,09-Apr-2015,09-Apr-2015,1,1
823B_As-built,823B-CC-A11-DW-1010,"D-wall construction completed (5,544m� conc)",TT_Task,,"D-Wall Construction",24-Dec-2011,03-Sep-2012,254,24-Dec-2011,03-Sep-2012,254,0,0,0.00,01-Oct-2016,01-Oct-2016,30-Jun-2014,30-Jun-2014,21,2
823B_As-built,823B-CC-A11-ELS-1010,"ELS Stage 1 & 2 (12,760m�)",TT_Task,,"ELS Works",04-Sep-2012,10-Nov-2012,67,04-Sep-2012,10-Nov-2012,67,0,0,0.00,01-Oct-2016,01-Oct-2016,30-Jun-2014,30-Jun-2014,1,1
823B_As-built,823B-CC-A11-ELS-1020,"ELS Stage 3 (1,367m�)",TT_Task,,"ELS Works",12-Nov-2012,17-Nov-2012,5,12-Nov-2012,17-Nov-2012,5,0,0,0.00,01-Oct-2016,01-Oct-2016,30-Jun-2014,30-Jun-2014,1,1
823B_As-built,823B-CC-A11-ELS-1030,"ELS Stage 4 (2,735m�)",TT_Task,,"ELS Works",19-Nov-2012,01-Dec-2012,12,19-Nov-2012,01-Dec-2012,12,0,0,0.00,01-Oct-2016,01-Oct-2016,30-Jun-2014,30-Jun-2014,1,1
823B_As-built,823B-CC-A11-ELS-1040,"ELS Stage 5 (14,446m�)",TT_Task,,"ELS Works",03-Dec-2012,15-Dec-2012,12,03-Dec-2012,24-Dec-2012,21,0,9,75.00,01-Oct-2016,01-Oct-2016,30-Jun-2014,30-Jun-2014,1,1
823B_As-built,823B-CC-A11-ELS-1050,"ELS Stage 6 (12,038m�)",TT_Task,,"ELS Works",17-Dec-2012,29-Dec-2012,12,27-Dec-2012,29-Jan-2013,33,10,21,175.00,01-Oct-2016,01-Oct-2016,30-Jun-2014,30-Jun-2014,1,1
823B_As-built,823B-CC-A11-ELS-1060,"ELS Stage 7 (28,892m�)",TT_Task,,"ELS Works",07-Jan-2013,02-Feb-2013,26,27-Jan-2013,21-Mar-2013,53,20,27,103.85,01-Oct-2016,01-Oct-2016,30-Jun-2014,30-Jun-2014,1,3
823B_As-built,823B-CC-A11-ELS-1070,"ELS Stage 7 (10,834m�)",TT_Task,,"ELS Works",04-Feb-2013,02-Mar-2013,26,22-Mar-2013,13-May-2013,52,46,26,100.00,01-Oct-2016,01-Oct-2016,17-Feb-2017,17-Feb-2017,1,3
823B_As-built,823B-CC-A11-RT-1010,"Running Tunnel (Bay RT22) - Base Slab (353m� conc)",TT_Task,,"Tunnel Structure",04-Feb-2013,16-Feb-2013,12,18-Feb-2013,28-Feb-2013,10,14,-2,-16.67,01-Oct-2016,01-Oct-2016,17-Feb-2017,17-Feb-2017,1,2
823B_As-built,823B-CC-A11-RT-1020,"Running Tunnel (Bay RT22) - Wall (402m� conc)",TT_Task,,"Tunnel Structure",18-Feb-2013,27-Feb-2013,9,01-Mar-2013,19-Mar-2013,18,11,9,100.00,01-Oct-2016,01-Oct-2016,17-Feb-2017,17-Feb-2017,1,1
823B_As-built,823B-CC-A11-RT-1030,"Running Tunnel (Bay RT21) - Base Slab (616m� conc)",TT_Task,,"Tunnel Structure",18-Feb-2013,27-Feb-2013,9,13-Mar-2013,22-Mar-2013,9,23,0,0.00,01-Oct-2016,01-Oct-2016,17-Feb-2017,17-Feb-2017,1,2
823B_As-built,823B-CC-A11-RT-1040,"Running Tunnel (Bay RT21) - Wall (634m� conc)",TT_Task,,"Tunnel Structure",28-Feb-2013,09-Mar-2013,9,23-Mar-2013,20-Apr-2013,28,23,19,211.11,01-Oct-2016,01-Oct-2016,17-Feb-2017,17-Feb-2017,1,1
823B_As-built,823B-CC-A11-RT-1050,"Running Tunnel (Bay RT22 & RT21) - Roof (1,409m� conc)",TT_Task,,"Tunnel Structure",18-Mar-2013,18-Apr-2013,31,18-Mar-2013,27-Apr-2013,40,0,9,29.03,01-Oct-2016,01-Oct-2016,17-Feb-2017,17-Feb-2017,2,5
823B_As-built,823B-CC-A11-RT-1060,"Approach Tunnel (Bay RT22 & RT21) - Structure (1,150m� conc)",TT_Task,,"Tunnel Structure",19-Apr-2013,29-May-2013,40,01-Jun-2013,27-Nov-2013,179,43,139,347.50,01-Oct-2016,01-Oct-2016,17-Feb-2017,17-Feb-2017,1,2
823B_As-built,823B-CC-A11-RT-1070,"Approach Tunnel (Bay RT22 & RT21) - Backfilling (10,270m� backfill)",TT_Task,,"Tunnel Structure",30-May-2013,03-Jul-2013,34,05-Nov-2013,19-Mar-2014,134,159,100,294.12,01-Oct-2016,01-Oct-2016,17-Feb-2017,17-Feb-2017,1,4
823B_As-built,823B-CC-A11-RT-1080,"Running Tunnel (Bay RT20) - Base Slab (616m� conc)",TT_Task,,"Tunnel Structure",28-Feb-2013,09-Mar-2013,9,23-Mar-2013,10-Apr-2013,18,23,9,100.00,01-Oct-2016,01-Oct-2016,17-Feb-2017,17-Feb-2017,1,2
823B_As-built,823B-CC-A11-RT-1090,"Running Tunnel (Bay RT20) - Wall (624m� conc)",TT_Task,,"Tunnel Structure",11-Mar-2013,20-Mar-2013,9,08-Apr-2013,13-May-2013,35,28,26,288.89,01-Oct-2016,01-Oct-2016,17-Feb-2017,17-Feb-2017,1,1
823B_As-built,823B-CC-A11-RT-1100,"Running Tunnel (Bay RT20) - Roof (602m� conc)",TT_Task,,"Tunnel Structure",19-Apr-2013,18-May-2013,29,10-May-2013,21-May-2013,11,21,-18,-62.07,01-Oct-2016,01-Oct-2016,17-Feb-2017,17-Feb-2017,2,6
823B_As-built,823B-CC-A11-RT-1110,"Approach Tunnel (Bay RT20) - Structure (1,110m� conc)",TT_Task,,"Tunnel Structure",30-May-2013,09-Jul-2013,40,02-Jul-2013,13-Jan-2014,195,33,155,387.50,01-Oct-2016,01-Oct-2016,17-Feb-2017,17-Feb-2017,2,1
823B_As-built,823B-CC-A11-RT-1120,"Approach Tunnel (Bay RT20) - Backfilling (6,782m� backfill)",TT_Task,,"Tunnel Structure",10-Jul-2013,10-Aug-2013,31,08-Nov-2013,19-Mar-2014,131,121,100,322.58,01-Oct-2016,01-Oct-2016,17-Feb-2017,17-Feb-2017,1,3
823B_As-built,823B-CC-A11-RT-1130,"Running Tunnel (Bay RT19) - Base Slab (616m� conc)",TT_Task,,"Tunnel Structure",11-Mar-2013,20-Mar-2013,9,30-Apr-2013,02-May-2013,2,50,-7,-77.78,01-Oct-2016,01-Oct-2016,17-Feb-2017,17-Feb-2017,1,2
823B_As-built,823B-CC-A11-RT-1140,"Running Tunnel (Bay RT19) - Wall (624m� conc)",TT_Task,,"Tunnel Structure",21-Mar-2013,03-Apr-2013,13,03-May-2013,25-May-2013,22,43,9,69.23,01-Oct-2016,01-Oct-2016,17-Feb-2017,17-Feb-2017,1,1
823B_As-built,823B-CC-A11-RT-1150,"Running Tunnel (Bay RT19) - Roof (602m� conc)",TT_Task,,"Tunnel Structure",27-May-2013,24-Jun-2013,28,01-May-2013,06-Jun-2013,36,-26,8,28.57,01-Oct-2016,01-Oct-2016,17-Feb-2017,17-Feb-2017,2,4
823B_As-built,823B-CC-A11-RT-1160,"Approach Tunnel (Bay RT19) - Structure (1,110m� conc)",TT_Task,,"Tunnel Structure",10-Jul-2013,16-Aug-2013,37,15-Jul-2013,20-Jan-2014,189,5,152,410.81,01-Oct-2016,01-Oct-2016,17-Feb-2017,17-Feb-2017,2,2
823B_As-built,823B-CC-A11-RT-1170,"Approach Tunnel (Bay RT19) - Backfilling (6,782m� backfill)",TT_Task,,"Tunnel Structure",17-Aug-2013,18-Sep-2013,32,12-Nov-2013,19-Mar-2014,127,87,95,296.88,01-Oct-2016,01-Oct-2016,17-Feb-2017,17-Feb-2017,1,1
823B_As-built,823B-CC-A11-RT-1180,"Running Tunnel (Bay RT18) - Base Slab (616m� conc)",TT_Task,,"Tunnel Structure",21-Mar-2013,03-Apr-2013,13,08-May-2013,15-May-2013,7,48,-6,-46.15,01-Oct-2016,01-Oct-2016,17-Feb-2017,17-Feb-2017,2,2
823B_As-built,823B-CC-A11-RT-1190,"Running Tunnel (Bay RT18) - Wall (624m� conc)",TT_Task,,"Tunnel Structure",05-Apr-2013,15-Apr-2013,10,16-May-2013,05-Jun-2013,20,41,10,100.00,01-Oct-2016,01-Oct-2016,17-Feb-2017,17-Feb-2017,1,1
823B_As-built,823B-CC-A11-RT-1200,"Running Tunnel (Bay RT18) - Roof (602m� conc)",TT_Task,,"Tunnel Structure",16-Apr-2013,16-May-2013,30,20-May-2013,15-Jun-2013,26,34,-4,-13.33,01-Oct-2016,01-Oct-2016,17-Feb-2017,17-Feb-2017,1,6
823B_As-built,823B-CC-A11-RT-1210,"Approach Tunnel (Bay RT18) - Intermediate Wall (680m� conc)",TT_Task,,"Tunnel Structure",27-May-2013,17-Jun-2013,21,01-Aug-2013,01-Nov-2013,92,66,71,338.10,01-Oct-2016,01-Oct-2016,17-Feb-2017,17-Feb-2017,2,1
823B_As-built,823B-CC-A11-RT-1220,"Approach Tunnel (Bay RT18) - Structure (430m� conc)",TT_Task,,"Tunnel Structure",18-Jun-2013,20-Aug-2013,63,04-Nov-2013,28-Jan-2014,85,139,22,34.92,01-Oct-2016,01-Oct-2016,17-Feb-2017,17-Feb-2017,1,2
823B_As-built,823B-CC-A11-RT-1230,"Approach Tunnel (Bay RT18) - Backfilling (6,782m� backfill)",TT_Task,,"Tunnel Structure",21-Aug-2013,23-Sep-2013,33,15-Nov-2013,17-Mar-2014,122,86,89,269.70,01-Oct-2016,01-Oct-2016,17-Feb-2017,17-Feb-2017,1,2
823B_As-built,823B-CC-A11-RT-1240,"Running Tunnel (Bay RT17) - Base Slab (616m� conc)",TT_Task,,"Tunnel Structure",05-Apr-2013,15-Apr-2013,10,20-May-2013,24-May-2013,4,45,-6,-60.00,01-Oct-2016,01-Oct-2016,17-Feb-2017,17-Feb-2017,2,1
823B_As-built,823B-CC-A11-RT-1250,"Running Tunnel (Bay RT17) - Wall (624m� conc)",TT_Task,,"Tunnel Structure",16-Apr-2013,25-Apr-2013,9,25-May-2013,13-Jun-2013,19,39,10,111.11,01-Oct-2016,01-Oct-2016,17-Feb-2017,17-Feb-2017,1,1
823B_As-built,823B-CC-A11-RT-1260,"Running Tunnel (Bay RT17 - Roof (602m� conc)",TT_Task,,"Tunnel Structure",03-May-2013,03-Jun-2013,31,30-May-2013,25-Jun-2013,26,27,-5,-16.13,01-Oct-2016,01-Oct-2016,17-Feb-2017,17-Feb-2017,2,3
823B_As-built,823B-CC-A11-RT-1270,"Approach Tunnel (Bay RT17) - Intermediate Wall (680m� conc)",TT_Task,,"Tunnel Structure",11-Jun-2013,03-Jul-2013,22,01-Aug-2013,09-Nov-2013,100,51,78,354.55,01-Oct-2016,01-Oct-2016,17-Feb-2017,17-Feb-2017,1,1
823B_As-built,823B-CC-A11-RT-1280,"Approach Tunnel (Bay RT17) - Structure (432m� conc)",TT_Task,,"Tunnel Structure",04-Jul-2013,04-Sep-2013,62,01-Nov-2013,24-Jan-2014,84,120,22,35.48,01-Oct-2016,01-Oct-2016,17-Feb-2017,17-Feb-2017,1,2
823B_As-built,823B-CC-A11-RT-1290,"Approach Tunnel (Bay RT17) - Backfilling (6,782m� backfill)",TT_Task,,"Tunnel Structure",01-Mar-2014,29-Mar-2014,28,01-Mar-2014,29-Mar-2014,28,0,0,0.00,01-Oct-2016,01-Oct-2016,17-Feb-2017,17-Feb-2017,1,2
823B_As-built,823B-CC-A11-RT-1300,"Running Tunnel (Bay RT17) - Mass concrete (invert & walkway)",TT_Task,,"Tunnel Structure",15-Jul-2013,20-Jul-2013,5,10-Sep-2013,16-Sep-2013,6,57,1,20.00,01-Oct-2016,01-Oct-2016,17-Feb-2017,17-Feb-2017,2,3
823B_As-built,823B-CC-A11-RT-1310,"Running Tunnel (Bay RT17) - Cable bracket installation",TT_Task,,"Tunnel Structure",29-Jul-2013,03-Aug-2013,5,03-Jul-2013,08-Jul-2013,5,-26,0,0.00,01-Oct-2016,01-Oct-2016,17-Feb-2017,17-Feb-2017,2,2
823B_As-built,823B-CC-A11-RT-1320,"Approach Tunnel (Bay RT17) - Mass concrete (invert & walkway)",TT_Task,,"Tunnel Structure",14-Apr-2014,23-Apr-2014,9,03-Mar-2014,14-Jun-2014,103,-42,94,1044.44,01-Oct-2016,01-Oct-2016,17-Feb-2017,17-Feb-2017,2,3
823B_As-built,823B-CC-A11-RT-1330,"Approach Tunnel (Bay RT17) - Cable bracket installation",TT_Task,,"Tunnel Structure",09-Jul-2014,15-Jul-2014,6,09-Jul-2014,13-Oct-2014,96,0,90,1500.00,01-Oct-2016,01-Oct-2016,17-Feb-2017,17-Feb-2017,2,2
823B_As-built,823B-CC-A11-RT-1232,"Running Tunnel (Bay RT22 to RT18) - Mass concrete (invert & walkway)",TT_Task,,"Tunnel Structure",22-Jun-2013,20-Jul-2013,28,15-Jul-2013,12-Sep-2013,59,23,31,110.71,01-Oct-2016,01-Oct-2016,17-Feb-2017,17-Feb-2017,5,3
823B_As-built,823B-CC-A11-RT-1233,"Running Tunnel (Bay RT22 to RT18) - Cable bracket installation",TT_Task,,"Tunnel Structure",08-Jul-2013,03-Aug-2013,26,18-Jun-2013,08-Jul-2013,20,-20,-6,-23.08,01-Oct-2016,01-Oct-2016,17-Feb-2017,17-Feb-2017,1,2
823B_As-built,823B-CC-A11-RT-1235,"Approach Tunnel (Bay RT22 to RT18) - Mass concrete (invert & walkway)",TT_Task,,"Tunnel Structure",12-Aug-2013,19-Sep-2013,38,30-Sep-2013,25-Jan-2014,117,49,79,207.89,01-Oct-2016,01-Oct-2016,17-Feb-2017,17-Feb-2017,4,3
823B_As-built,823B-CC-A11-RT-1236,"Approach Tunnel (Bay RT22 to RT18) - Cable bracket installation",TT_Task,,"Tunnel Structure",02-Jul-2014,09-Aug-2014,38,02-Jul-2014,22-Oct-2014,112,0,74,194.74,01-Oct-2016,01-Oct-2016,17-Feb-2017,17-Feb-2017,1,2
823B_As-built,823B-CC-A10-ELS-1010,"ELS Stage 1 (incl. pumping test) (9,435m�)",TT_Task,,"ELS Works",01-Jun-2012,31-Jul-2012,60,01-Jun-2012,31-Jul-2012,60,0,0,0.00,01-Oct-2016,01-Oct-2016,30-Jun-2014,30-Jun-2014,1,1
823B_As-built,823B-CC-A10-ELS-1020,"ELS Stage 2 (9,247m�)",TT_Task,,"ELS Works",01-Aug-2012,26-Sep-2012,56,01-Aug-2012,26-Sep-2012,56,0,0,0.00,01-Oct-2016,01-Oct-2016,30-Jun-2014,30-Jun-2014,1,2
823B_As-built,823B-CC-A10-ELS-1030,"ELS Stage 3 (10,191m�)",TT_Task,,"ELS Works",27-Sep-2012,01-Dec-2012,65,27-Sep-2012,01-Dec-2012,65,0,0,0.00,01-Oct-2016,01-Oct-2016,30-Jun-2014,30-Jun-2014,1,1
823B_As-built,823B-CC-A10-ELS-1040,"ELS Stage 4 (7,340m�)",TT_Task,,"ELS Works",03-Dec-2012,08-Dec-2012,5,03-Dec-2012,20-Dec-2012,17,0,12,240.00,01-Oct-2016,01-Oct-2016,30-Jun-2014,30-Jun-2014,1,1
823B_As-built,823B-CC-A10-ELS-1050,"ELS Stage 5 (7,340m�)",TT_Task,,"ELS Works",10-Dec-2012,15-Dec-2012,5,21-Dec-2012,08-Jan-2013,18,11,13,260.00,01-Oct-2016,01-Oct-2016,30-Jun-2014,30-Jun-2014,1,1
823B_As-built,823B-CC-A10-ELS-1060,"ELS Stage 6 (14,679m�)",TT_Task,,"ELS Works",07-Jan-2013,19-Jan-2013,12,09-Jan-2013,20-Feb-2013,42,2,30,250.00,01-Oct-2016,01-Oct-2016,30-Jun-2014,30-Jun-2014,2,2
823B_As-built,823B-CC-A10-ELS-1070,"ELS Stage 7 (25,688m�)",TT_Task,,"ELS Works",04-Feb-2013,02-Mar-2013,26,21-Feb-2013,21-Jun-2013,120,17,94,361.54,01-Oct-2016,01-Oct-2016,30-Jun-2014,30-Jun-2014,2,2
823B_As-built,823B-CC-A10-DW-1010,"D-wall construction completed (11,037m� conc)",TT_Task,,"D-Wall Construction",29-Mar-2011,31-May-2012,429,29-Mar-2011,31-May-2012,429,0,0,0.00,01-Oct-2016,01-Oct-2016,30-Jun-2014,30-Jun-2014,21,4
823B_As-built,823B-CC-A10-RT-1010,"Running Tunnel (Bay RT16) - Base Slab (616m� conc)",TT_Task,,"Tunnel Structure",04-Mar-2013,13-Mar-2013,9,25-May-2013,04-Jun-2013,10,82,1,11.11,01-Oct-2016,01-Oct-2016,30-Jun-2014,30-Jun-2014,1,2
823B_As-built,823B-CC-A10-RT-1020,"Running Tunnel (Bay RT16) - Wall (637m� conc)",TT_Task,,"Tunnel Structure",14-Mar-2013,23-Mar-2013,9,05-Jun-2013,28-Jun-2013,23,83,14,155.56,01-Oct-2016,01-Oct-2016,30-Jun-2014,30-Jun-2014,1,1
823B_As-built,823B-CC-A10-RT-1030,"Running Tunnel (Bay RT16) - Roof (651m� conc)",TT_Task,,"Tunnel Structure",25-Mar-2013,27-Apr-2013,33,29-Jun-2013,13-Jul-2013,14,96,-19,-57.58,01-Oct-2016,01-Oct-2016,30-Jun-2014,30-Jun-2014,1,5
823B_As-built,823B-CC-A10-RT-1040,"Approach Tunnel (Bay RT16) - Intermediate Wall (574m� conc)",TT_Task,,"Tunnel Structure",07-May-2013,28-May-2013,21,02-Sep-2013,25-Sep-2013,23,118,2,9.52,01-Oct-2016,01-Oct-2016,30-Jun-2014,30-Jun-2014,1,3
823B_As-built,823B-CC-A10-RT-1050,"Approach Tunnel (Bay RT16) - Structure (724m� conc)",TT_Task,,"Tunnel Structure",29-May-2013,01-Aug-2013,64,24-Sep-2013,07-Feb-2014,136,118,72,112.50,01-Oct-2016,01-Oct-2016,17-Feb-2017,17-Feb-2017,1,1
823B_As-built,823B-CC-A10-RT-1060,"Approach Tunnel (Bay RT16) - Backfilling (7,481m� backfill)",TT_Task,,"Tunnel Structure",01-Mar-2014,02-Apr-2014,32,01-Mar-2014,30-Apr-2014,60,0,28,87.50,01-Oct-2016,01-Oct-2016,17-Feb-2017,17-Feb-2017,1,3
823B_As-built,823B-CC-A10-RT-1070,"Running Tunnel (Bay RT15) - Base Slab (616m� conc)",TT_Task,,"Tunnel Structure",14-Mar-2013,23-Mar-2013,9,11-Jun-2013,20-Jun-2013,9,89,0,0.00,01-Oct-2016,01-Oct-2016,17-Feb-2017,17-Feb-2017,1,3
823B_As-built,823B-CC-A10-RT-1080,"Running Tunnel (Bay RT15) - Wall (1,957m� conc)",TT_Task,,"Tunnel Structure",25-Mar-2013,08-Apr-2013,14,21-Jun-2013,19-Jul-2013,28,88,14,100.00,01-Oct-2016,01-Oct-2016,17-Feb-2017,17-Feb-2017,1,2
823B_As-built,823B-CC-A10-RT-1090,"Running Tunnel (Bay RT15) - Roof (569m� conc)",TT_Task,,"Tunnel Structure",07-May-2013,04-Jun-2013,28,20-Jul-2013,11-Oct-2013,83,74,55,196.43,01-Oct-2016,01-Oct-2016,17-Feb-2017,17-Feb-2017,2,4
823B_As-built,823B-CC-A10-RT-1100,"Approach Tunnel (Bay RT15) - Intermediate Wall (408m� conc)",TT_Task,,"Tunnel Structure",13-Jun-2013,11-Jul-2013,28,01-Nov-2013,06-Nov-2013,5,141,-23,-82.14,01-Oct-2016,01-Oct-2016,17-Feb-2017,17-Feb-2017,1,1
823B_As-built,823B-CC-A10-RT-1110,"Approach Tunnel (Bay RT15) - Structure (1,205m� conc)",TT_Task,,"Tunnel Structure",12-Jul-2013,11-Sep-2013,61,18-Nov-2013,15-Feb-2014,89,129,28,45.90,01-Oct-2016,01-Oct-2016,17-Feb-2017,17-Feb-2017,1,2
823B_As-built,823B-CC-A10-RT-1120,"Approach Tunnel (Bay RT15) - Backfilling (8,192m� backfill)",TT_Task,,"Tunnel Structure",01-Apr-2014,26-Apr-2014,25,01-Apr-2014,26-Apr-2014,25,0,0,0.00,01-Oct-2016,01-Oct-2016,17-Feb-2017,17-Feb-2017,1,2
823B_As-built,823B-CC-A10-RT-1130,"Running Tunnel (Bay RT14) - Base Slab (512m� conc)",TT_Task,,"Tunnel Structure",25-Mar-2013,08-Apr-2013,14,19-Jun-2013,28-Jun-2013,9,86,-5,-35.71,01-Oct-2016,01-Oct-2016,17-Feb-2017,17-Feb-2017,1,1
823B_As-built,823B-CC-A10-RT-1140,"Running Tunnel (Bay RT14) - Wall (657m� conc)",TT_Task,,"Tunnel Structure",09-Apr-2013,18-Apr-2013,9,29-Jun-2013,02-Aug-2013,34,81,25,277.78,01-Oct-2016,01-Oct-2016,17-Feb-2017,17-Feb-2017,1,1
823B_As-built,823B-CC-A10-RT-1150,"Running Tunnel (Bay RT14) - Roof (592m� conc)",TT_Task,,"Tunnel Structure",19-Apr-2013,21-May-2013,32,03-Aug-2013,22-Oct-2013,80,106,48,150.00,01-Oct-2016,01-Oct-2016,17-Feb-2017,17-Feb-2017,1,4
823B_As-built,823B-CC-A10-RT-1160,"Approach Tunnel (Bay RT14) - Intermediate Wall (382m� conc)",TT_Task,,"Tunnel Structure",29-May-2013,06-Jul-2013,38,01-Nov-2013,27-Nov-2013,26,156,-12,-31.58,01-Oct-2016,01-Oct-2016,17-Feb-2017,17-Feb-2017,1,1
823B_As-built,823B-CC-A10-RT-1170,"Approach Tunnel (Bay RT14) - Structure (1,029m� conc)",TT_Task,,"Tunnel Structure",08-Jul-2013,06-Sep-2013,60,02-Jan-2014,28-Feb-2014,57,178,-3,-5.00,01-Oct-2016,01-Oct-2016,17-Feb-2017,17-Feb-2017,1,2
823B_As-built,823B-CC-A10-RT-1180,"Approach Tunnel (Bay RT14) - Backfilling (7,671m� backfill)",TT_Task,,"Tunnel Structure",01-Apr-2014,02-May-2014,31,01-Apr-2014,01-Sep-2014,153,0,122,393.55,01-Oct-2016,01-Oct-2016,17-Feb-2017,17-Feb-2017,1,2
823B_As-built,823B-CC-A10-RT-1190,"Running Tunnel (Bay RT13) - Base Slab (396m� conc)",TT_Task,,"Tunnel Structure",04-Mar-2013,13-Mar-2013,9,24-Jun-2013,04-Jul-2013,10,112,1,11.11,01-Oct-2016,01-Oct-2016,10-May-2015,10-May-2015,1,2
823B_As-built,823B-CC-A10-RT-1200,"Running Tunnel (Bay RT13) - Wall (657m� conc)",TT_Task,,"Tunnel Structure",14-Mar-2013,23-Mar-2013,9,05-Jul-2013,26-Aug-2013,52,113,43,477.78,01-Oct-2016,01-Oct-2016,17-Feb-2017,17-Feb-2017,1,1
823B_As-built,823B-CC-A10-RT-1210,"Running Tunnel (Bay RT13) - Roof (616m� conc)",TT_Task,,"Tunnel Structure",25-Mar-2013,27-Apr-2013,33,01-Aug-2013,27-Aug-2013,26,129,-7,-21.21,01-Oct-2016,01-Oct-2016,17-Feb-2017,17-Feb-2017,1,4
823B_As-built,823B-CC-A10-RT-1220,"Approach Tunnel (Bay RT13) - Intermediate Wall (370m� conc)",TT_Task,,"Tunnel Structure",07-May-2013,14-Jun-2013,38,01-Nov-2013,21-Nov-2013,20,178,-18,-47.37,01-Oct-2016,01-Oct-2016,17-Feb-2017,17-Feb-2017,1,2
823B_As-built,823B-CC-A10-RT-1230,"Approach Tunnel (Bay RT13) - Structure (1,057m� conc)",TT_Task,,"Tunnel Structure",15-Jun-2013,27-Aug-2013,73,02-Jan-2014,28-Mar-2014,85,201,12,16.44,01-Oct-2016,01-Oct-2016,17-Feb-2017,17-Feb-2017,1,3
823B_As-built,823B-CC-A10-RT-1240,"Approach Tunnel (Bay RT13) - Backfilling (7,645m� backfill)",TT_Task,,"Tunnel Structure",01-Apr-2014,09-May-2014,38,01-Apr-2014,01-Sep-2014,153,0,115,302.63,01-Oct-2016,01-Oct-2016,17-Feb-2017,17-Feb-2017,1,2
823B_As-built,823B-CC-A10-RT-1250,"Running Tunnel (Bay RT12) - Base Slab (396m� conc)",TT_Task,,"Tunnel Structure",14-Mar-2013,23-Mar-2013,9,27-May-2013,31-Jul-2013,65,74,56,622.22,01-Oct-2016,01-Oct-2016,10-May-2015,10-May-2015,1,2
823B_As-built,823B-CC-A10-RT-1260,"Running Tunnel (Bay RT12) - Wall (657m� conc)",TT_Task,,"Tunnel Structure",25-Mar-2013,08-Apr-2013,14,01-Jun-2013,07-Sep-2013,98,68,84,600.00,01-Oct-2016,01-Oct-2016,17-Feb-2017,17-Feb-2017,1,1
823B_As-built,823B-CC-A10-RT-1270,"Running Tunnel (Bay RT12) - Roof (616m� conc)",TT_Task,,"Tunnel Structure",07-May-2013,04-Jun-2013,28,09-Sep-2013,21-Sep-2013,12,125,-16,-57.14,01-Oct-2016,01-Oct-2016,17-Feb-2017,17-Feb-2017,2,3
823B_As-built,823B-CC-A10-RT-1280,"Approach Tunnel (Bay RT12) - Intermediate Wall (533m� conc)",TT_Task,,"Tunnel Structure",13-Jun-2013,11-Jul-2013,28,01-Nov-2013,21-Nov-2013,20,141,-8,-28.57,01-Oct-2016,01-Oct-2016,17-Feb-2017,17-Feb-2017,1,2
823B_As-built,823B-CC-A10-RT-1290,"Approach Tunnel (Bay RT12) - Structure (1,560m� conc)",TT_Task,,"Tunnel Structure",12-Jul-2013,11-Sep-2013,61,02-Dec-2013,14-Apr-2014,133,143,72,118.03,01-Oct-2016,01-Oct-2016,17-Feb-2017,17-Feb-2017,1,2
823B_As-built,823B-CC-A10-RT-1300,"Approach Tunnel (Bay RT12) - Backfilling (7,048m� backfill)",TT_Task,,"Tunnel Structure",02-May-2014,24-May-2014,22,02-May-2014,01-Sep-2014,122,0,100,454.55,01-Oct-2016,01-Oct-2016,17-Feb-2017,17-Feb-2017,1,2
823B_As-built,823B-CC-A10-RT-1092,"Cross Passage (CP31 @ Bay RT15) - Base Slab",TT_Task,,"Tunnel Structure",25-Mar-2013,03-Apr-2013,9,29-Jul-2013,03-Aug-2013,5,126,-4,-44.44,01-Oct-2016,01-Oct-2016,17-Feb-2017,17-Feb-2017,1,1
823B_As-built,823B-CC-A10-RT-1094,"Cross Passage (CP31 @ Bay RT15) - Wall",TT_Task,,"Tunnel Structure",09-Apr-2013,15-Apr-2013,6,05-Aug-2013,10-Aug-2013,5,118,-1,-16.67,01-Oct-2016,01-Oct-2016,17-Feb-2017,17-Feb-2017,2,1
823B_As-built,823B-CC-A10-RT-1096,"Cross Passage (CP31 @ Bay RT15) - Roof",TT_Task,,"Tunnel Structure",05-Jun-2013,19-Jun-2013,14,12-Aug-2013,24-Aug-2013,12,68,-2,-14.29,01-Oct-2016,01-Oct-2016,17-Feb-2017,17-Feb-2017,2,2
823B_As-built,823B-CC-A10-RT-1310,"Running Tunnel (Bay RT12) - Mass concrete (invert & walkway)",TT_Task,,"Tunnel Structure",29-Jun-2013,06-Jul-2013,7,29-Oct-2013,04-Nov-2013,6,122,-1,-14.29,01-Oct-2016,01-Oct-2016,17-Feb-2017,17-Feb-2017,1,4
823B_As-built,823B-CC-A10-RT-1320,"Running Tunnel (Bay RT12) - Cable bracket installation",TT_Task,,"Tunnel Structure",15-Jul-2013,20-Jul-2013,5,26-Sep-2013,30-Sep-2013,4,73,-1,-20.00,01-Oct-2016,01-Oct-2016,17-Feb-2017,17-Feb-2017,1,3
823B_As-built,823B-CC-A10-RT-1330,"Approach Tunnel (Bay RT12) - Mass concrete (invert & walkway)",TT_Task,,"Tunnel Structure",29-Jul-2014,04-Aug-2014,6,03-Jun-2014,23-Jun-2014,20,-56,14,233.33,01-Oct-2016,01-Oct-2016,17-Feb-2017,17-Feb-2017,2,2
823B_As-built,823B-CC-A10-RT-1340,"Approach Tunnel (Bay RT12) - Cable bracket installation",TT_Task,,"Tunnel Structure",23-Oct-2014,29-Oct-2014,6,23-Oct-2014,29-Oct-2014,6,0,0,0.00,01-Oct-2016,01-Oct-2016,17-Feb-2017,17-Feb-2017,1,2
823B_As-built,823B-CC-A10-RT-1241,"Running Tunnel (Bay RT13 to RT16) - Mass concrete (invert & walkway)",TT_Task,,"Tunnel Structure",29-Jun-2013,13-Jul-2013,14,23-Sep-2013,11-Oct-2013,18,86,4,28.57,01-Oct-2016,01-Oct-2016,17-Feb-2017,17-Feb-2017,1,4
823B_As-built,823B-CC-A10-RT-1242,"Running Tunnel (Bay RT13 to RT16) - Cable bracket installation",TT_Task,,"Tunnel Structure",15-Jul-2013,27-Jul-2013,12,31-Jul-2013,30-Sep-2013,61,16,49,408.33,01-Oct-2016,01-Oct-2016,17-Feb-2017,17-Feb-2017,1,3
823B_As-built,823B-CC-A10-RT-1243,"Approach Tunnel (Bay RT13 to RT15) - Mass concrete (invert & walkway)",TT_Task,,"Tunnel Structure",02-May-2014,26-May-2014,24,02-May-2014,23-Jun-2014,52,0,28,116.67,01-Oct-2016,01-Oct-2016,17-Feb-2017,17-Feb-2017,3,3
823B_As-built,823B-CC-A10-RT-1244,"Approach Tunnel (Bay RT13 to RT15) - Cable bracket installation",TT_Task,,"Tunnel Structure",03-Oct-2014,25-Oct-2014,22,03-Oct-2014,25-Oct-2014,22,0,0,0.00,01-Oct-2016,01-Oct-2016,17-Feb-2017,17-Feb-2017,1,2
823B_As-built,823B-CC-A10-RT-1245,"Approach Tunnel (Bay RT16) - Mass concrete (invert & walkway)",TT_Task,,"Tunnel Structure",02-May-2014,09-May-2014,7,02-May-2014,17-Jun-2014,46,0,39,557.14,01-Oct-2016,01-Oct-2016,17-Feb-2017,17-Feb-2017,1,4
823B_As-built,823B-CC-A10-RT-1246,"Approach Tunnel (Bay RT16) - Cable bracket installation",TT_Task,,"Tunnel Structure",03-Oct-2014,09-Oct-2014,6,03-Oct-2014,09-Oct-2014,6,0,0,0.00,01-Oct-2016,01-Oct-2016,17-Feb-2017,17-Feb-2017,1,3
823B_As-built,823B-CC-A9-DW-1010,"D-wall construction completed (15,720m� conc)",TT_Task,,"D-Wall Construction",02-Mar-2011,12-Apr-2012,407,02-Mar-2011,12-Apr-2012,407,0,0,0.00,01-Oct-2016,01-Oct-2016,02-Jun-2014,02-Jun-2014,20,2
823B_As-built,823B-CC-A9-RT-1010,"Running Tunnel (Bay RT11) - Base Slab (396m� conc)",TT_Task,,"Tunnel Structure",25-Mar-2013,08-Apr-2013,14,29-May-2013,07-Jun-2013,9,65,-5,-35.71,01-Oct-2016,01-Oct-2016,10-May-2015,10-May-2015,2,2
823B_As-built,823B-CC-A9-RT-1020,"Running Tunnel (Bay RT11) - Wall (657m� conc)",TT_Task,,"Tunnel Structure",09-Apr-2013,18-Apr-2013,9,08-Jun-2013,13-Jun-2013,5,60,-4,-44.44,01-Oct-2016,01-Oct-2016,17-Feb-2017,17-Feb-2017,1,1
823B_As-built,823B-CC-A9-RT-1030,"Running Tunnel (Bay RT11) - Roof (616m� conc)",TT_Task,,"Tunnel Structure",19-Apr-2013,21-May-2013,32,15-Jul-2013,31-Jul-2013,16,87,-16,-50.00,01-Oct-2016,01-Oct-2016,17-Feb-2017,17-Feb-2017,1,4
823B_As-built,823B-CC-A9-RT-1190,"Earth Mat @ Bay RT7 & RT8 (Type E)",TT_Task,,"Tunnel Structure",04-Mar-2013,16-Mar-2013,12,17-Jun-2013,02-Jul-2013,15,105,3,25.00,01-Oct-2016,01-Oct-2016,10-May-2015,10-May-2015,1,2
823B_As-built,823B-CC-A9-RT-1040,"Approach Tunnel (Bay RT11) - Intermediate Wall (492m� conc)",TT_Task,,"Tunnel Structure",29-May-2013,06-Jul-2013,38,02-Dec-2013,23-Dec-2013,21,187,-17,-44.74,01-Oct-2016,01-Oct-2016,17-Feb-2017,17-Feb-2017,1,1
823B_As-built,823B-CC-A9-RT-1050,"Approach Tunnel (Bay RT11) - Structure (1,371m� conc)",TT_Task,,"Tunnel Structure",08-Jul-2013,06-Sep-2013,60,02-Jan-2014,30-Aug-2014,240,178,180,300.00,01-Oct-2016,01-Oct-2016,17-Feb-2017,17-Feb-2017,1,1
823B_As-built,823B-CC-A9-RT-1060,"Approach Tunnel (Bay RT11) - Backfilling (6,910m� backfill)",TT_Task,,"Tunnel Structure",03-Oct-2014,29-Oct-2014,26,03-Oct-2014,25-Oct-2014,22,0,-4,-15.38,01-Oct-2016,01-Oct-2016,17-Feb-2017,17-Feb-2017,1,2
823B_As-built,823B-CC-A9-RT-1070,"Running Tunnel (Bay RT10) - Base Slab (396m�)",TT_Task,,"Tunnel Structure",09-Apr-2013,18-Apr-2013,9,07-Jun-2013,17-Jun-2013,10,59,1,11.11,01-Oct-2016,01-Oct-2016,10-May-2015,10-May-2015,1,1
823B_As-built,823B-CC-A9-RT-1080,"Running Tunnel (Bay RT10) - Wall (657m�)",TT_Task,,"Tunnel Structure",19-Apr-2013,29-Apr-2013,10,18-Jul-2013,29-Jul-2013,11,90,1,10.00,01-Oct-2016,01-Oct-2016,10-May-2015,10-May-2015,1,1
823B_As-built,823B-CC-A9-RT-1090,"Running Tunnel (Bay RT10) - Roof (616m�)",TT_Task,,"Tunnel Structure",08-May-2013,05-Jun-2013,28,30-Jul-2013,09-Aug-2013,10,83,-18,-64.29,01-Oct-2016,01-Oct-2016,10-May-2015,10-May-2015,1,4
823B_As-built,823B-CC-A9-RT-1100,"Approach Tunnel (Bay RT10) - Intermediate Wall (624m� conc)",TT_Task,,"Tunnel Structure",14-Jun-2013,12-Jul-2013,28,02-Dec-2013,25-Jan-2014,54,171,26,92.86,01-Oct-2016,01-Oct-2016,10-May-2015,10-May-2015,1,2
823B_As-built,823B-CC-A9-RT-1110,"Approach Tunnel (Bay RT10) - Structure (1,404m� conc)",TT_Task,,"Tunnel Structure",01-Mar-2014,08-May-2014,68,01-Mar-2014,02-Aug-2014,154,0,86,126.47,01-Oct-2016,01-Oct-2016,17-Feb-2017,17-Feb-2017,1,1
823B_As-built,823B-CC-A9-RT-1120,"Approach Tunnel (Bay RT10) - Backfilling (4,877m� backfill)",TT_Task,,"Tunnel Structure",03-Oct-2014,23-Oct-2014,20,03-Oct-2014,23-Oct-2014,20,0,0,0.00,01-Oct-2016,01-Oct-2016,17-Feb-2017,17-Feb-2017,1,2
823B_As-built,823B-CC-A9-RT-1130,"Running Tunnel (Bay RT9) - Base Slab (396m� conc)",TT_Task,,"Tunnel Structure",04-Mar-2013,13-Mar-2013,9,14-Jun-2013,24-Jun-2013,10,102,1,11.11,01-Oct-2016,01-Oct-2016,10-May-2015,10-May-2015,1,1
823B_As-built,823B-CC-A9-RT-1140,"Running Tunnel (Bay RT9) - Wall (657m� conc)",TT_Task,,"Tunnel Structure",14-Mar-2013,23-Mar-2013,9,25-Jun-2013,09-Aug-2013,45,103,36,400.00,01-Oct-2016,01-Oct-2016,10-May-2015,10-May-2015,1,2
823B_As-built,823B-CC-A9-RT-1150,"Running Tunnel (Bay RT9) - Roof (616m� conc)",TT_Task,,"Tunnel Structure",25-Mar-2013,25-Apr-2013,31,10-Aug-2013,21-Aug-2013,11,138,-20,-64.52,01-Oct-2016,01-Oct-2016,17-Feb-2017,17-Feb-2017,1,5
823B_As-built,823B-CC-A9-RT-1160,"Approach Tunnel (Bay RT9) - Intermediate Wall (635m� conc)",TT_Task,,"Tunnel Structure",04-May-2013,01-Jun-2013,28,02-Jan-2014,22-Jan-2014,20,243,-8,-28.57,01-Oct-2016,01-Oct-2016,17-Feb-2017,17-Feb-2017,1,2
823B_As-built,823B-CC-A9-RT-1170,"Approach Tunnel (Bay RT9) - Structure (1,292m� conc)",TT_Task,,"Tunnel Structure",01-Mar-2014,08-May-2014,68,01-Mar-2014,01-Aug-2014,153,0,85,125.00,01-Oct-2016,01-Oct-2016,17-Feb-2017,17-Feb-2017,1,1
823B_As-built,823B-CC-A9-RT-1180,"Approach Tunnel (Bay RT9) - Backfilling (4,976m� backfill)",TT_Task,,"Tunnel Structure",03-Oct-2014,04-Nov-2014,32,03-Oct-2014,25-Oct-2014,22,0,-10,-31.25,01-Oct-2016,01-Oct-2016,17-Feb-2017,17-Feb-2017,1,3
823B_As-built,823B-CC-A9-RT-1200,"Running Tunnel (Bay RT8) - Base Slab (621m� conc)",TT_Task,,"Tunnel Structure",25-Mar-2013,08-Apr-2013,14,28-Jun-2013,09-Jul-2013,11,95,-3,-21.43,01-Oct-2016,01-Oct-2016,10-May-2015,10-May-2015,2,2
823B_As-built,823B-CC-A9-RT-1210,"Running Tunnel (Bay RT8) - Wall (657m� conc)",TT_Task,,"Tunnel Structure",09-Apr-2013,18-Apr-2013,9,10-Jul-2013,22-Aug-2013,43,92,34,377.78,01-Oct-2016,01-Oct-2016,17-Feb-2017,17-Feb-2017,1,1
823B_As-built,823B-CC-A9-RT-1220,"Running Tunnel (Bay RT8) - Roof (557m� conc)",TT_Task,,"Tunnel Structure",20-May-2013,17-Jun-2013,28,12-Aug-2013,16-Sep-2013,35,84,7,25.00,01-Oct-2016,01-Oct-2016,17-Feb-2017,17-Feb-2017,2,3
823B_As-built,823B-CC-A9-RT-1230,"Approach Tunnel (Bay RT8) - Intermediate Wall (875m� conc)",TT_Task,,"Tunnel Structure",01-Mar-2014,28-Mar-2014,27,01-Mar-2014,26-Mar-2014,25,0,-2,-7.41,01-Oct-2016,01-Oct-2016,17-Feb-2017,17-Feb-2017,1,2
823B_As-built,823B-CC-A9-RT-1240,"Approach Tunnel (Bay RT8) - Structure (1,341m� conc)",TT_Task,,"Tunnel Structure",01-Apr-2014,05-Jun-2014,65,01-Apr-2014,16-Aug-2014,137,0,72,110.77,01-Oct-2016,01-Oct-2016,17-Feb-2017,17-Feb-2017,1,1
823B_As-built,823B-CC-A9-RT-1250,"Approach Tunnel (Bay RT8) - Backfilling (4,421m� backfill)",TT_Task,,"Tunnel Structure",04-Aug-2014,16-Aug-2014,12,04-Aug-2014,10-Oct-2014,67,0,55,458.33,01-Oct-2016,01-Oct-2016,17-Feb-2017,17-Feb-2017,1,2
823B_As-built,823B-CC-A9-RT-1260,"Running Tunnel (Bay RT7) - Base Slab (1,232m� conc)",TT_Task,,"Tunnel Structure",09-Apr-2013,18-Apr-2013,9,08-Jul-2013,17-Jul-2013,9,90,0,0.00,01-Oct-2016,01-Oct-2016,10-May-2015,10-May-2015,2,1
823B_As-built,823B-CC-A9-RT-1270,"Running Tunnel (Bay RT7) - Wall (657m� conc)",TT_Task,,"Tunnel Structure",19-Apr-2013,29-Apr-2013,10,18-Jul-2013,13-Nov-2013,118,90,108,1080.00,01-Oct-2016,01-Oct-2016,10-May-2015,10-May-2015,1,1
823B_As-built,823B-CC-A9-RT-1280,"Running Tunnel (Bay RT7) - Roof (396m� conc)",TT_Task,,"Tunnel Structure",08-May-2013,05-Jun-2013,28,18-Sep-2013,02-Jan-2014,106,133,78,278.57,01-Oct-2016,01-Oct-2016,10-May-2015,10-May-2015,1,3
823B_As-built,823B-CC-A9-RT-1290,"Approach Tunnel (Bay RT7) - Intermediate Wall (1,496m� conc)",TT_Task,,"Tunnel Structure",01-Mar-2014,28-Mar-2014,27,01-Mar-2014,21-Mar-2014,20,0,-7,-25.93,01-Oct-2016,01-Oct-2016,10-May-2015,10-May-2015,1,1
823B_As-built,823B-CC-A9-RT-1300,"Approach Tunnel (Bay RT7) - Structure (1,405m� conc)",TT_Task,,"Tunnel Structure",01-Apr-2014,09-Jun-2014,69,01-Apr-2014,13-Aug-2014,134,0,65,94.20,01-Oct-2016,01-Oct-2016,10-May-2015,10-May-2015,1,1
823B_As-built,823B-CC-A9-RT-1310,"Approach Tunnel (Bay RT7) - Backfilling (4,157m� backfill)",TT_Task,,"Tunnel Structure",04-Aug-2014,23-Aug-2014,19,04-Aug-2014,18-Oct-2014,75,0,56,294.74,01-Oct-2016,01-Oct-2016,10-May-2015,10-May-2015,1,2
823B_As-built,823B-CC-A9-RT-1320,"Running Tunnel (Bay RT7 & RT8) - Mass concrete (invert & walkway)",TT_Task,,"Tunnel Structure",08-Jul-2013,20-Jul-2013,12,09-Oct-2013,07-Dec-2013,59,93,47,391.67,01-Oct-2016,01-Oct-2016,17-Feb-2017,17-Feb-2017,1,3
823B_As-built,823B-CC-A9-RT-1330,"Running Tunnel (Bay RT7 & RT8) - Cable bracket installation",TT_Task,,"Tunnel Structure",03-Jun-2014,16-Jun-2014,13,03-Jun-2014,16-Jun-2014,13,0,0,0.00,01-Oct-2016,01-Oct-2016,17-Feb-2017,17-Feb-2017,2,2
823B_As-built,823B-CC-A9-RT-1340,"Approach Tunnel (Bay RT7 & RT8) - Mass concrete (invert & walkway)",TT_Task,,"Tunnel Structure",24-Jul-2014,06-Aug-2014,13,24-Jul-2014,31-Jul-2014,7,0,-6,-46.15,01-Oct-2016,01-Oct-2016,17-Feb-2017,17-Feb-2017,1,3
823B_As-built,823B-CC-A9-RT-1350,"Approach Tunnel (Bay RT7 & RT8) - Cable bracket installation",TT_Task,,"Tunnel Structure",10-Oct-2014,23-Oct-2014,13,10-Oct-2014,23-Oct-2014,13,0,0,0.00,01-Oct-2016,01-Oct-2016,17-Feb-2017,17-Feb-2017,2,2
823B_As-built,823B-CC-A9-RT-1181,"Running Tunnel (Bay RT11 to RT9) - Mass concrete (invert & walkway)",TT_Task,,"Tunnel Structure",08-Jul-2013,20-Jul-2013,12,02-Oct-2013,03-Dec-2013,62,86,50,416.67,01-Oct-2016,01-Oct-2016,17-Feb-2017,17-Feb-2017,4,2
823B_As-built,823B-CC-A9-RT-1182,"Running Tunnel (Bay RT11 to RT9) - Cable bracket installation",TT_Task,,"Tunnel Structure",22-Jul-2013,03-Aug-2013,12,26-Sep-2013,07-Oct-2013,11,66,-1,-8.33,01-Oct-2016,01-Oct-2016,17-Feb-2017,17-Feb-2017,1,2
823B_As-built,823B-CC-A9-RT-1184,"Approach Tunnel (Bay RT9 to RT11) - Mass concrete (invert & walkway)",TT_Task,,"Tunnel Structure",08-Jul-2014,25-Jul-2014,17,14-May-2014,29-Aug-2014,107,-55,90,529.41,01-Oct-2016,01-Oct-2016,17-Feb-2017,17-Feb-2017,1,4
823B_As-built,823B-CC-A9-RT-1186,"Approach Tunnel (Bay RT9 to RT11) - Cable bracket installation",TT_Task,,"Tunnel Structure",09-Sep-2013,27-Sep-2013,18,02-Oct-2013,31-Dec-2013,90,23,72,400.00,01-Oct-2016,01-Oct-2016,17-Feb-2017,17-Feb-2017,1,3
823B_As-built,823B-CC-A9-ELS-1010,"ELS Stage 1 (11,571m�)",TT_Task,,"ELS Works",13-Apr-2012,16-Jun-2012,64,13-Apr-2012,16-Jun-2012,64,0,0,0.00,01-Oct-2016,01-Oct-2016,02-Jun-2014,02-Jun-2014,1,1
823B_As-built,823B-CC-A9-ELS-1030,"ELS Stage 2 (11,785m�)",TT_Task,,"ELS Works",03-Jul-2012,04-Sep-2012,63,03-Jul-2012,04-Sep-2012,63,0,0,0.00,01-Oct-2016,01-Oct-2016,02-Jun-2014,02-Jun-2014,1,1
823B_As-built,823B-CC-A9-ELS-1040,"ELS Stage 3 (8,571m�)",TT_Task,,"ELS Works",31-Aug-2012,18-Oct-2012,48,31-Aug-2012,18-Oct-2012,48,0,0,0.00,01-Oct-2016,01-Oct-2016,02-Jun-2014,02-Jun-2014,1,3
823B_As-built,823B-CC-A9-ELS-1060,"ELS Stage 4 (8,785m�)",TT_Task,,"ELS Works",26-Nov-2012,01-Dec-2012,5,26-Nov-2012,04-Dec-2012,8,0,3,60.00,01-Oct-2016,01-Oct-2016,02-Jun-2014,02-Jun-2014,2,1
823B_As-built,823B-CC-A9-ELS-1070,"ELS Stage 5 (7,351m�)",TT_Task,,"ELS Works",03-Dec-2012,11-Dec-2012,8,05-Dec-2012,05-Jan-2013,31,2,23,287.50,01-Oct-2016,01-Oct-2016,02-Jun-2014,02-Jun-2014,1,2
823B_As-built,823B-CC-A9-ELS-1080,"ELS Stage 6 (12,864m�)",TT_Task,,"ELS Works",10-Dec-2012,27-Dec-2012,17,07-Jan-2013,26-Feb-2013,50,28,33,194.12,01-Oct-2016,01-Oct-2016,02-Jun-2014,02-Jun-2014,1,2
823B_As-built,823B-CC-A9-ELS-1090,"ELS Stage 7 (19,296m�)",TT_Task,,"ELS Works",04-Feb-2013,02-Mar-2013,26,27-Feb-2013,27-Jun-2013,120,23,94,361.54,01-Oct-2016,01-Oct-2016,30-Jun-2014,30-Jun-2014,1,4
823B_As-built,823B-CC-A9-ELS-1020,"ELS Stage 1 (11,571m�)",TT_Task,,"ELS Works",18-Jun-2012,21-Aug-2012,64,18-Jun-2012,21-Aug-2012,64,0,0,0.00,01-Oct-2016,01-Oct-2016,02-Jun-2014,02-Jun-2014,1,1
823B_As-built,823B-CC-A9-ELS-1050,"ELS Stage 3 (6,643m�)",TT_Task,,"ELS Works",19-Oct-2012,24-Nov-2012,36,19-Oct-2012,24-Nov-2012,36,0,0,0.00,01-Oct-2016,01-Oct-2016,02-Jun-2014,02-Jun-2014,1,1
823B_As-built,823B-CC-A7-DW-1010,"D-wall construction completed (8,310m� conc)",TT_Task,,"D-Wall Construction",14-Feb-2011,14-Sep-2012,578,14-Feb-2011,14-Sep-2012,578,0,0,0.00,01-Oct-2016,01-Oct-2016,02-Jun-2014,02-Jun-2014,20,3
823B_As-built,823B-CC-A7-ELS-1090,"ELS up to Final Level (6,500m�)",TT_Task,,"ELS Works",04-Mar-2013,16-Mar-2013,12,19-Jun-2013,21-Aug-2013,63,107,51,425.00,01-Oct-2016,01-Oct-2016,02-Jun-2014,02-Jun-2014,1,2
823B_As-built,823B-CC-A7-ELS-1010,"ELS Stage 1 (23,628m�)",TT_Task,,"ELS Works",15-Sep-2012,18-Oct-2012,33,15-Sep-2012,18-Oct-2012,33,0,0,0.00,01-Oct-2016,01-Oct-2016,02-Jun-2014,02-Jun-2014,1,1
823B_As-built,823B-CC-A7-ELS-1020,"ELS Stage 2 (21,003m�)",TT_Task,,"ELS Works",27-Sep-2012,27-Oct-2012,30,27-Sep-2012,27-Oct-2012,30,0,0,0.00,01-Oct-2016,01-Oct-2016,02-Jun-2014,02-Jun-2014,1,2
823B_As-built,823B-CC-A7-ELS-1030,"ELS Stage 3 (7,001m�)",TT_Task,,"ELS Works",16-Nov-2012,24-Nov-2012,8,16-Nov-2012,24-Nov-2012,8,0,0,0.00,01-Oct-2016,01-Oct-2016,02-Jun-2014,02-Jun-2014,1,1
823B_As-built,823B-CC-A7-ELS-1050,"ELS Stage 4 (2,166m�)",TT_Task,,"ELS Works",12-Dec-2012,15-Dec-2012,3,05-Jan-2013,07-Jan-2013,2,24,-1,-33.33,01-Oct-2016,01-Oct-2016,02-Jun-2014,02-Jun-2014,2,2
823B_As-built,823B-CC-A7-ELS-1060,"ELS Stage 5 (8,666m�)",TT_Task,,"ELS Works",28-Dec-2012,16-Jan-2013,19,08-Jan-2013,02-Feb-2013,25,11,6,31.58,01-Oct-2016,01-Oct-2016,02-Jun-2014,02-Jun-2014,2,1
823B_As-built,823B-CC-A7-ELS-1070,"ELS Stage 6 (16,248m�)",TT_Task,,"ELS Works",07-Jan-2013,09-Feb-2013,33,04-Feb-2013,25-May-2013,110,28,77,233.33,01-Oct-2016,01-Oct-2016,02-Jun-2014,02-Jun-2014,1,3
823B_As-built,823B-CC-A7-ELS-1080,"ELS Stage 7 (8,124m�)",TT_Task,,"ELS Works",14-Feb-2013,02-Mar-2013,16,27-May-2013,31-Jul-2013,65,102,49,306.25,01-Oct-2016,01-Oct-2016,02-Jun-2014,02-Jun-2014,1,2
823B_As-built,823B-CC-A7-ELS-1040,"ELS Stage 1 (5,250m�)",TT_Task,,"ELS Works",26-Nov-2012,01-Dec-2012,5,26-Nov-2012,04-Jan-2013,39,0,34,680.00,01-Oct-2016,01-Oct-2016,02-Jun-2014,02-Jun-2014,1,1
823B_As-built,823B-CC-A7-RT-1020,"Stitch Joint (Bay RT1) - Structure (532m� conc)",TT_Task,,"Tunnel Structure",01-Apr-2014,17-Apr-2014,16,01-Apr-2014,24-Apr-2014,23,0,7,43.75,01-Oct-2016,01-Oct-2016,17-Feb-2017,17-Feb-2017,2,4
823B_As-built,823B-CC-A7-RT-1030,"Stitch Joint (Bay RT1) - Backfillling (2,993m� backfill)",TT_Task,,"Tunnel Structure",02-May-2014,19-May-2014,17,02-May-2014,16-Jun-2014,45,0,28,164.71,01-Oct-2016,01-Oct-2016,17-Feb-2017,17-Feb-2017,1,1
823B_As-built,823B-CC-A7-RT-1040,"Running Tunnel (Bay RT2) - Base Slab (670m� conc)",TT_Task,,"Tunnel Structure",18-Mar-2013,28-Mar-2013,10,20-Aug-2013,04-Sep-2013,15,155,5,50.00,01-Oct-2016,01-Oct-2016,02-Jun-2014,02-Jun-2014,2,2
823B_As-built,823B-CC-A7-RT-1050,"Running Tunnel (Bay RT2) - Wall (600m� conc)",TT_Task,,"Tunnel Structure",02-Apr-2013,13-Apr-2013,11,02-Oct-2013,21-Oct-2013,19,183,8,72.73,01-Oct-2016,01-Oct-2016,02-Jun-2014,02-Jun-2014,1,2
823B_As-built,823B-CC-A7-RT-1060,"Running Tunnel (Bay RT2) - Roof (279m� conc)",TT_Task,,"Tunnel Structure",15-Apr-2013,11-May-2013,26,17-Oct-2013,04-Nov-2013,18,185,-8,-30.77,01-Oct-2016,01-Oct-2016,17-Feb-2017,17-Feb-2017,1,3
823B_As-built,823B-CC-A7-RT-1070,"Running Tunnel (Bay RT2) - Plenum (Wall) (289m� conc)",TT_Task,,"Tunnel Structure",13-May-2013,20-May-2013,7,02-Dec-2013,07-Dec-2013,5,203,-2,-28.57,01-Oct-2016,01-Oct-2016,17-Feb-2017,17-Feb-2017,1,1
823B_As-built,823B-CC-A7-RT-1010,"Earth Mat @ Bay RT3 & RT4 (Type D)",TT_Task,,"Tunnel Structure",18-Mar-2013,28-Mar-2013,10,29-Jun-2013,11-Jul-2013,12,103,2,20.00,01-Oct-2016,01-Oct-2016,02-Jun-2014,02-Jun-2014,1,2
823B_As-built,823B-CC-A7-RT-1080,"Running Tunnel (Bay RT2) - Plenum (Roof) (670m� conc)",TT_Task,,"Tunnel Structure",21-May-2013,29-May-2013,8,09-Dec-2013,17-Dec-2013,8,202,0,0.00,01-Oct-2016,01-Oct-2016,17-Feb-2017,17-Feb-2017,1,2
823B_As-built,823B-CC-A7-RT-1100,"Approach Tunnel (Bay RT2) - Approach Slab (774m� conc)",TT_Task,,"Tunnel Structure",13-Jun-2014,04-Jul-2014,21,13-Jun-2014,06-Aug-2014,54,0,33,157.14,01-Oct-2016,01-Oct-2016,17-Feb-2017,17-Feb-2017,2,1
823B_As-built,823B-CC-A7-RT-1110,"Approach Tunnel (Bay RT2) - Backfilling (325m� backfill)",TT_Task,,"Tunnel Structure",12-Jul-2014,18-Jul-2014,6,03-Jun-2014,09-Jun-2014,6,-39,0,0.00,01-Oct-2016,01-Oct-2016,17-Feb-2017,17-Feb-2017,1,3
823B_As-built,823B-CC-A7-RT-1120,"Running Tunnel (Bay RT3) - Base Slab (622m� conc)",TT_Task,,"Tunnel Structure",02-Apr-2013,13-Apr-2013,11,08-Aug-2013,19-Aug-2013,11,128,0,0.00,01-Oct-2016,01-Oct-2016,17-Feb-2017,17-Feb-2017,2,2
823B_As-built,823B-CC-A7-RT-1130,"Running Tunnel (Bay RT3) - Wall (658m� conc)",TT_Task,,"Tunnel Structure",15-Apr-2013,20-Apr-2013,5,02-Sep-2013,10-Oct-2013,38,140,33,660.00,01-Oct-2016,01-Oct-2016,17-Feb-2017,17-Feb-2017,1,1
823B_As-built,823B-CC-A7-RT-1140,"Running Tunnel (Bay RT3) - Roof (373m� conc)",TT_Task,,"Tunnel Structure",13-May-2013,08-Jun-2013,26,07-Oct-2013,01-Nov-2013,25,147,-1,-3.85,01-Oct-2016,01-Oct-2016,17-Feb-2017,17-Feb-2017,1,3
823B_As-built,823B-CC-A7-RT-1150,"Running Tunnel (Bay RT3) - Backfilling (4,632m� backfill)",TT_Task,,"Tunnel Structure",01-Mar-2014,22-Mar-2014,21,01-Mar-2014,22-Mar-2014,21,0,0,0.00,01-Oct-2016,01-Oct-2016,17-Feb-2017,17-Feb-2017,1,3
823B_As-built,823B-CC-A7-RT-1180,"Approach Tunnel (Bay RT3) -  Approach Slab (843m� conc)",TT_Task,,"Tunnel Structure",17-May-2014,07-Jun-2014,21,17-May-2014,05-Aug-2014,80,0,59,280.95,01-Oct-2016,01-Oct-2016,17-Feb-2017,17-Feb-2017,1,2
823B_As-built,823B-CC-A7-RT-1190,"Approach Tunnel (Bay RT3) - Backfilling (626m� backfill)",TT_Task,,"Tunnel Structure",05-Jul-2014,11-Jul-2014,6,03-Jun-2014,09-Jun-2014,6,-32,0,0.00,01-Oct-2016,01-Oct-2016,17-Feb-2017,17-Feb-2017,1,3
823B_As-built,823B-CC-A7-RT-1200,"Approach Tunnel - Transition Slab (380m� conc)",TT_Task,,"Tunnel Structure",21-Jul-2014,02-Aug-2014,12,18-Jul-2014,31-Jul-2014,13,-3,1,8.33,01-Oct-2016,01-Oct-2016,17-Feb-2017,17-Feb-2017,1,1
823B_As-built,823B-CC-A7-RT-1210,"Running Tunnel (Bay RT4) - Base Slab (1,232m� conc)",TT_Task,,"Tunnel Structure",15-Apr-2013,24-Apr-2013,9,23-Jul-2013,01-Aug-2013,9,99,0,0.00,01-Oct-2016,01-Oct-2016,17-Feb-2017,17-Feb-2017,1,3
823B_As-built,823B-CC-A7-RT-1220,"Running Tunnel (Bay RT4) - Wall (657m� conc)",TT_Task,,"Tunnel Structure",25-Apr-2013,04-May-2013,9,02-Aug-2013,02-Oct-2013,61,99,52,577.78,01-Oct-2016,01-Oct-2016,17-Feb-2017,17-Feb-2017,1,2
823B_As-built,823B-CC-A7-RT-1230,"Running Tunnel (Bay RT4) - Roof (396m� conc)",TT_Task,,"Tunnel Structure",06-May-2013,01-Jun-2013,26,07-Sep-2013,11-Oct-2013,34,124,8,30.77,01-Oct-2016,01-Oct-2016,17-Feb-2017,17-Feb-2017,1,7
823B_As-built,823B-CC-A7-RT-1240,"Approach Tunnel (Bay RT4) - Intermediate Wall (1,346m� conc)",TT_Task,,"Tunnel Structure",01-Mar-2014,26-Mar-2014,25,01-Mar-2014,27-Mar-2014,26,0,1,4.00,01-Oct-2016,01-Oct-2016,17-Feb-2017,17-Feb-2017,2,1
823B_As-built,823B-CC-A7-RT-1250,"Approach Tunnel (Bay RT4) - Structure (721m� conc)",TT_Task,,"Tunnel Structure",02-May-2014,07-Jul-2014,66,02-May-2014,01-Aug-2014,91,0,25,37.88,01-Oct-2016,01-Oct-2016,17-Feb-2017,17-Feb-2017,1,2
823B_As-built,823B-CC-A7-RT-1260,"Approach Tunnel (Bay RT4) - Backfilling (2,627m� backfill)",TT_Task,,"Tunnel Structure",26-Jun-2014,22-Jul-2014,26,26-Jun-2014,01-Sep-2014,67,0,41,157.69,01-Oct-2016,01-Oct-2016,17-Feb-2017,17-Feb-2017,1,2
823B_As-built,823B-CC-A7-RT-1270,"Running Tunnel (Bay RT5) - Base Slab (1,232m� conc)",TT_Task,,"Tunnel Structure",25-Apr-2013,06-May-2013,11,06-Jul-2013,16-Jul-2013,10,72,-1,-9.09,01-Oct-2016,01-Oct-2016,17-Feb-2017,17-Feb-2017,1,1
823B_As-built,823B-CC-A7-RT-1280,"Running Tunnel (Bay RT5) - Wall (657m� conc)",TT_Task,,"Tunnel Structure",07-May-2013,15-May-2013,8,22-Aug-2013,06-Sep-2013,15,107,7,87.50,01-Oct-2016,01-Oct-2016,17-Feb-2017,17-Feb-2017,1,1
823B_As-built,823B-CC-A7-RT-1290,"Running Tunnel (Bay RT5) - Roof (396m� conc)",TT_Task,,"Tunnel Structure",16-May-2013,13-Jun-2013,28,09-Sep-2013,17-Sep-2013,8,116,-20,-71.43,01-Oct-2016,01-Oct-2016,17-Feb-2017,17-Feb-2017,2,4
823B_As-built,823B-CC-A7-RT-1300,"Approach Tunnel (Bay RT5) - Intermediate Wall (1,346m� conc)",TT_Task,,"Tunnel Structure",01-Mar-2014,28-Mar-2014,27,01-Mar-2014,11-Mar-2014,10,0,-17,-62.96,01-Oct-2016,01-Oct-2016,17-Feb-2017,17-Feb-2017,1,2
823B_As-built,823B-CC-A7-RT-1310,"Approach Tunnel (Bay RT5) - Structure (1,015m� conc)",TT_Task,,"Tunnel Structure",02-May-2014,05-Jul-2014,64,02-May-2014,07-Aug-2014,97,0,33,51.56,01-Oct-2016,01-Oct-2016,17-Feb-2017,17-Feb-2017,1,2
823B_As-built,823B-CC-A7-RT-1320,"Approach Tunnel (Bay RT5) - Backfilling (3,398m� backfill)",TT_Task,,"Tunnel Structure",23-Jun-2014,07-Jul-2014,14,23-Jun-2014,01-Sep-2014,70,0,56,400.00,01-Oct-2016,01-Oct-2016,17-Feb-2017,17-Feb-2017,1,2
823B_As-built,823B-CC-A7-RT-1340,"Running Tunnel (Bay RT6) - Base Slab (1,232m� conc)",TT_Task,,"Tunnel Structure",13-Mar-2013,22-Mar-2013,9,22-Jun-2013,03-Jul-2013,11,101,2,22.22,01-Oct-2016,01-Oct-2016,17-Feb-2017,17-Feb-2017,1,1
823B_As-built,823B-CC-A7-RT-1350,"Running Tunnel (Bay RT6) - Wall (657m� conc)",TT_Task,,"Tunnel Structure",23-Mar-2013,06-Apr-2013,14,04-Jul-2013,21-Aug-2013,48,103,34,242.86,01-Oct-2016,01-Oct-2016,17-Feb-2017,17-Feb-2017,1,1
823B_As-built,823B-CC-A7-RT-1360,"Running Tunnel (Bay RT6) - Roof (396m� conc)",TT_Task,,"Tunnel Structure",08-Apr-2013,04-May-2013,26,02-Sep-2013,07-Sep-2013,5,147,-21,-80.77,01-Oct-2016,01-Oct-2016,17-Feb-2017,17-Feb-2017,1,5
823B_As-built,823B-CC-A7-RT-1370,"Approach Tunnel (Bay RT6) - Intermediate Wall (1,432m� conc)",TT_Task,,"Tunnel Structure",13-May-2013,10-Jun-2013,28,18-Feb-2013,06-Mar-2014,381,-84,353,1260.71,01-Oct-2016,01-Oct-2016,17-Feb-2017,17-Feb-2017,1,1
823B_As-built,823B-CC-A7-RT-1380,"Approach Tunnel (Bay RT6) - Structure (1,443m� conc)",TT_Task,,"Tunnel Structure",01-Apr-2014,09-Jun-2014,69,01-Apr-2014,13-Aug-2014,134,0,65,94.20,01-Oct-2016,01-Oct-2016,17-Feb-2017,17-Feb-2017,1,3
823B_As-built,823B-CC-A7-RT-1390,"Approach Tunnel (Bay RT6) - Backfilling (3,408m� backfill)",TT_Task,,"Tunnel Structure",05-Jul-2014,06-Aug-2014,32,05-Jul-2014,01-Sep-2014,58,0,26,81.25,01-Oct-2016,01-Oct-2016,17-Feb-2017,17-Feb-2017,1,3
823B_As-built,823B-CC-A7-RT-1400,"Tower Crane Dismantle",TT_Task,,"Tunnel Structure",14-Aug-2013,27-Aug-2013,13,14-Aug-2013,27-Aug-2013,13,0,0,0.00,01-Oct-2016,01-Oct-2016,17-Feb-2017,17-Feb-2017,1,1
823B_As-built,823B-CC-A7-RT-1330,"Tower Crane Construction",TT_Task,,"Tunnel Structure",04-Mar-2013,12-Mar-2013,8,04-Mar-2013,12-Mar-2013,8,0,0,0.00,01-Oct-2016,01-Oct-2016,17-Feb-2017,17-Feb-2017,1,1
823B_As-built,823B-CC-A7-RT-1090,"Running Tunnel (Bay RT2) - Backfilling (2,608m� backfill)",TT_Task,,"Tunnel Structure",01-Mar-2014,22-Mar-2014,21,01-Mar-2014,22-Mar-2014,21,0,0,0.00,01-Oct-2016,01-Oct-2016,17-Feb-2017,17-Feb-2017,1,3
823B_As-built,823B-CC-A7-RT-1160,"Settlement Monitoring (Bay RT2 & RT3)",TT_Task,,"Tunnel Structure",24-Mar-2014,31-Mar-2014,7,24-Mar-2014,31-Mar-2014,7,0,0,0.00,01-Oct-2016,01-Oct-2016,17-Feb-2017,17-Feb-2017,2,2
823B_As-built,823B-CC-A7-RT-1170,"Trim ground to Approach Slab level",TT_Task,,"Tunnel Structure",02-May-2014,16-May-2014,14,02-May-2014,16-May-2014,14,0,0,0.00,01-Oct-2016,01-Oct-2016,17-Feb-2017,17-Feb-2017,1,1
823B_As-built,823B-CC-A7-RT-1232,"Cross Passage (CP30 @ Bay RT4) - Base Slab",TT_Task,,"Tunnel Structure",25-Apr-2013,02-May-2013,7,26-Jul-2013,01-Aug-2013,6,92,-1,-14.29,01-Oct-2016,01-Oct-2016,17-Feb-2017,17-Feb-2017,1,1
823B_As-built,823B-CC-A7-RT-1234,"Cross Passage (CP30 @ Bay RT4) - Wall",TT_Task,,"Tunnel Structure",06-May-2013,11-May-2013,5,02-Oct-2013,08-Oct-2013,6,149,1,20.00,01-Oct-2016,01-Oct-2016,17-Feb-2017,17-Feb-2017,2,1
823B_As-built,823B-CC-A7-RT-1236,"Cross Passage (CP30 @ Bay RT4) - Roof",TT_Task,,"Tunnel Structure",03-Jun-2013,17-Jun-2013,14,09-Oct-2013,22-Oct-2013,13,128,-1,-7.14,01-Oct-2016,01-Oct-2016,17-Feb-2017,17-Feb-2017,2,2
823B_As-built,823B-CC-A7-RT-1321,"Running Tunnel (Bay RT2 to RT5) - Mass concrete (invert & walkway)",TT_Task,,"Tunnel Structure",29-Jun-2013,20-Jul-2013,21,04-Nov-2013,29-Nov-2013,25,128,4,19.05,01-Oct-2016,01-Oct-2016,17-Feb-2017,17-Feb-2017,4,3
823B_As-built,823B-CC-A7-RT-1322,"Running Tunnel (Bay RT2 to RT5) - Cable bracket installation",TT_Task,,"Tunnel Structure",15-Jul-2013,03-Aug-2013,19,23-Nov-2013,06-Dec-2013,13,131,-6,-31.58,01-Oct-2016,01-Oct-2016,17-Feb-2017,17-Feb-2017,1,2
823B_As-built,823B-CC-A7-RT-1324,"Approach Tunnel (Bay RT2) - Mass concrete (invert & walkway)",TT_Task,,"Tunnel Structure",21-Jul-2014,26-Jul-2014,5,04-Jul-2014,15-Aug-2014,42,-17,37,740.00,01-Oct-2016,01-Oct-2016,17-Feb-2017,17-Feb-2017,1,3
823B_As-built,823B-CC-A7-RT-1325,"Approach Tunnel (Bay RT2) - Cable bracket installation",TT_Task,,"Tunnel Structure",03-Oct-2014,09-Oct-2014,6,03-Oct-2014,09-Oct-2014,6,0,0,0.00,01-Oct-2016,01-Oct-2016,17-Feb-2017,17-Feb-2017,1,2
823B_As-built,823B-CC-A7-RT-1327,"Approach Tunnel (Bay RT3 to RT5) - Mass concrete (invert & walkway)",TT_Task,,"Tunnel Structure",27-Jun-2014,18-Jul-2014,21,29-May-2014,13-Aug-2014,76,-29,55,261.90,01-Oct-2016,01-Oct-2016,17-Feb-2017,17-Feb-2017,3,3
823B_As-built,823B-CC-A7-RT-1328,"Approach Tunnel (Bay RT3 to RT5) - Cable bracket installation",TT_Task,,"Tunnel Structure",03-Oct-2014,23-Oct-2014,20,03-Oct-2014,23-Oct-2014,20,0,0,0.00,01-Oct-2016,01-Oct-2016,17-Feb-2017,17-Feb-2017,1,2
823B_As-built,823B-CC-A7-RT-1401,"Running Tunnel (Bay RT6) - Mass concrete (invert & walkway)",TT_Task,,"Tunnel Structure",29-Jun-2013,06-Jul-2013,7,02-Dec-2013,07-Dec-2013,5,156,-2,-28.57,01-Oct-2016,01-Oct-2016,17-Feb-2017,17-Feb-2017,2,4
823B_As-built,823B-CC-A7-RT-1402,"Running Tunnel (Bay RT6) - Cable bracket installation",TT_Task,,"Tunnel Structure",15-Jul-2013,20-Jul-2013,5,02-Dec-2013,07-Dec-2013,5,140,0,0.00,01-Oct-2016,01-Oct-2016,17-Feb-2017,17-Feb-2017,1,3
823B_As-built,823B-CC-A7-RT-1404,"Approach Tunnel (Bay RT6) - Mass concrete (invert & walkway)",TT_Task,,"Tunnel Structure",08-Jul-2014,14-Jul-2014,6,03-Jun-2014,31-Jul-2014,58,-35,52,866.67,01-Oct-2016,01-Oct-2016,17-Feb-2017,17-Feb-2017,1,4
823B_As-built,823B-CC-A7-RT-1405,"Approach Tunnel (Bay RT6) - Cable bracket installation",TT_Task,,"Tunnel Structure",03-Oct-2014,09-Oct-2014,6,03-Oct-2014,09-Oct-2014,6,0,0,0.00,01-Oct-2016,01-Oct-2016,17-Feb-2017,17-Feb-2017,1,3
823B_As-built,823B-CC-A7-RT-1024,"Stitch Joint (Bay RT1) - Mass concrete (invert & walkway)",TT_Task,,"Tunnel Structure",11-Apr-2014,17-Apr-2014,6,08-Apr-2014,14-Apr-2014,6,-3,0,0.00,01-Oct-2016,01-Oct-2016,17-Feb-2017,17-Feb-2017,1,3
823B_As-built,823B-CC-A7-RT-1026,"Stitch Joint (Bay RT1) - Cable bracket installation",TT_Task,,"Tunnel Structure",11-Apr-2014,17-Apr-2014,6,24-Apr-2014,30-Apr-2014,6,13,0,0.00,01-Oct-2016,01-Oct-2016,17-Feb-2017,17-Feb-2017,1,2
823B_As-built,823B-A-PWS-0010,"Initial Site Survey including CCTV survey to existing drains",TT_Task,,"Preliminary Works",07-Jun-2011,20-Jun-2011,13,07-Jun-2011,20-Jun-2011,13,0,0,0.00,01-Oct-2016,01-Oct-2016,17-Feb-2017,17-Feb-2017,32,2
823B_As-built,823B-A-PWS-0020,"Initial Site Survey Report [PS4.1.5]",TT_Task,,"Preliminary Works",16-Jun-2011,22-Jun-2011,6,16-Jun-2011,22-Jun-2011,6,0,0,0.00,01-Oct-2016,01-Oct-2016,17-Feb-2017,17-Feb-2017,1,1
823B_As-built,823B-A-PWS-0030,"Temporary Occupation Area: Conduct, prepare and submit TOA Record Survey for various Works Areas [PS4.2]",TT_Task,,"Preliminary Works",07-Jun-2011,20-Jun-2011,13,07-Jun-2011,20-Jun-2011,13,0,0,0.00,01-Oct-2016,01-Oct-2016,17-Feb-2017,17-Feb-2017,1,1
823B_As-built,823B-A-PWS-0040,"Proposal for Site Clearance Works [PS4.4.1]",TT_Task,,"Preliminary Works",16-Jun-2011,22-Jun-2011,6,16-Jun-2011,22-Jun-2011,6,0,0,0.00,01-Oct-2016,01-Oct-2016,17-Feb-2017,17-Feb-2017,2,0
823B_As-built,823B-A-PWS-0090,"Proposed Outline TTM Scheme - Prepare & submit to the: Engineer for Review / SLG for Approval [PS19.3]",TT_Task,,"Preliminary Works",25-Oct-2010,05-Jan-2011,72,25-Oct-2010,05-Jan-2011,72,0,0,0.00,01-Oct-2016,01-Oct-2016,17-Feb-2017,17-Feb-2017,1,1
823B_As-built,823B-A-PWS-0100,"Reviewal Period / Approval Process by Engineer/SLG of the Proposed TTM Scheme [PS19.4]",TT_Task,,"Preliminary Works",29-Nov-2010,12-Mar-2011,103,29-Nov-2010,12-Mar-2011,103,0,0,0.00,01-Oct-2016,01-Oct-2016,17-Feb-2017,17-Feb-2017,1,1
823B_As-built,823B-A-PWS-0110,"Resubmission of Proposed Outline TTM Scheme (if required)",TT_Task,,"Preliminary Works",14-Mar-2011,18-Apr-2011,35,14-Mar-2011,18-Apr-2011,35,0,0,0.00,01-Oct-2016,01-Oct-2016,17-Feb-2017,17-Feb-2017,1,1
823B_As-built,823B-A-PWS-0120,"Reviewal Period / Approval Process by Engineer/SLG of the Resubmitted Proposed Outline TTM Scheme [PS19.4]",TT_Task,,"Preliminary Works",19-Apr-2011,13-Jun-2011,55,19-Apr-2011,13-Jun-2011,55,0,0,0.00,01-Oct-2016,01-Oct-2016,17-Feb-2017,17-Feb-2017,1,1
823B_As-built,823B-A-PWS-0130,"Notification Period of the Approved TTM Scheme prior to implementation [PS19.4]",TT_Task,,"Preliminary Works",14-Jun-2011,16-Jul-2011,32,14-Jun-2011,16-Jul-2011,32,0,0,0.00,01-Oct-2016,01-Oct-2016,17-Feb-2017,17-Feb-2017,1,5
823B_As-built,823B-A-PWS-0140,"Noise Management Plan [P22.3.9]",TT_Task,,"Preliminary Works",20-Nov-2010,14-Jan-2011,55,20-Nov-2010,14-Jan-2011,55,0,0,0.00,01-Oct-2016,01-Oct-2016,03-Mar-2014,03-Mar-2014,1,11
823B_As-built,823B-A-PWS-0150,"Air Quality Management Plan [P22.4.3]",TT_Task,,"Preliminary Works",20-Nov-2010,14-Jan-2011,55,20-Nov-2010,14-Jan-2011,55,0,0,0.00,01-Oct-2016,01-Oct-2016,03-Mar-2014,03-Mar-2014,1,10
823B_As-built,823B-A-PWS-0160,"Detailed Proposal for Water Pollution Control Measures and Proposed Monitoring [PS22.5.1]",TT_Task,,"Preliminary Works",23-Nov-2010,17-Jan-2011,55,23-Nov-2010,17-Jan-2011,55,0,0,0.00,01-Oct-2016,01-Oct-2016,03-Mar-2014,03-Mar-2014,1,10
823B_As-built,823B-A-PWS-0170,"Vibration Monitoring Plan [PS22.8.1 & P22.8.3]",TT_Task,,"Preliminary Works",23-Dec-2010,29-Jan-2011,37,23-Dec-2010,29-Jan-2011,37,0,0,0.00,01-Oct-2016,01-Oct-2016,03-Mar-2014,03-Mar-2014,1,10
823B_As-built,823B-A-PWS-0050,"Initial Site Survey (incl. CCTV survey to existing drains) for WA 4.4, 4.5 & 4.7",TT_Task,,"Preliminary Works",23-Jul-2012,04-Aug-2012,12,23-Jul-2012,04-Aug-2012,12,0,0,0.00,01-Oct-2016,01-Oct-2016,17-Feb-2017,17-Feb-2017,1,1
823B_As-built,823B-A-PWS-0060,"Initial Site Survey Report for WA 4.4, 4.5 & 4.7",TT_Task,,"Preliminary Works",02-Aug-2012,08-Aug-2012,6,02-Aug-2012,08-Aug-2012,6,0,0,0.00,01-Oct-2016,01-Oct-2016,17-Feb-2017,17-Feb-2017,1,2
823B_As-built,823B-A-PWS-0070,"Temporary Occupation Area: Conduct, prepare and submit TOA Record Survey for  for WA 4.4, 4.5 & 4.7",TT_Task,,"Preliminary Works",02-Aug-2012,08-Aug-2012,6,02-Aug-2012,08-Aug-2012,6,0,0,0.00,01-Oct-2016,01-Oct-2016,17-Feb-2017,17-Feb-2017,1,1
823B_As-built,823B-A-PWS-0080,"Proposal for Site Clearance Works  for WA 4.4, 4.5 & 4.7",TT_Task,,"Preliminary Works",02-Aug-2012,08-Aug-2012,6,02-Aug-2012,08-Aug-2012,6,0,0,0.00,01-Oct-2016,01-Oct-2016,17-Feb-2017,17-Feb-2017,2,0
823B_As-built,823B-A-PWS-0220,"Confirmation of Tree Survey (PS4.5.2)",TT_Task,,"Preliminary Works",07-Jun-2011,22-Jun-2011,15,07-Jun-2011,22-Jun-2011,15,0,0,0.00,01-Oct-2016,01-Oct-2016,17-Feb-2017,17-Feb-2017,31,0
823B_As-built,823B-A-PWS-0230,"Submission of Contingency Plan for Groundwater Drawdown (PS22.2.4)",TT_Task,,"Preliminary Works",25-Oct-2010,15-Dec-2010,51,25-Oct-2010,15-Dec-2010,51,0,0,0.00,01-Oct-2016,01-Oct-2016,03-Mar-2014,03-Mar-2014,1,1
823B_As-built,823B-A-PWS-0240,"Approval period for Contingency Plan for Groundwater Drawdown",TT_Task,,"Preliminary Works",16-Dec-2010,22-Jan-2011,37,16-Dec-2010,22-Jan-2011,37,0,0,0.00,01-Oct-2016,01-Oct-2016,03-Mar-2014,03-Mar-2014,1,10
823B_As-built,823B-A-PWS-0250,"823A to extend CLP Cable to South of SSS for their TBM Operation (to be agreed with Contract 823A)",TT_Task,,"Preliminary Works",30-Jun-2011,25-Aug-2011,56,30-Jun-2011,25-Aug-2011,56,0,0,0.00,01-Oct-2016,01-Oct-2016,03-Mar-2014,03-Mar-2014,0,1
823B_As-built,823B-A-PWS-0260,"822 to extend CLP Cable to South of SSS for their Drill & Blast Operation (to be agreed with Contract 822)",TT_Task,,"Preliminary Works",30-Jun-2011,25-Aug-2011,56,30-Jun-2011,25-Aug-2011,56,0,0,0.00,01-Oct-2016,01-Oct-2016,03-Mar-2014,03-Mar-2014,0,1
823B_As-built,823B-A-PWS-0270,"Steel Frame for CCTV by Others (to be agreed with party concern)",TT_Task,,"Preliminary Works",30-Jun-2011,22-Jul-2011,22,30-Jun-2011,22-Jul-2011,22,0,0,0.00,01-Oct-2016,01-Oct-2016,03-Mar-2014,03-Mar-2014,0,1
823B_As-built,823B-A-PWS-0280,"Taking over of existing instrumentation (P30.4.2)",TT_Task,,"Preliminary Works",25-Oct-2010,06-Nov-2010,12,25-Oct-2010,06-Nov-2010,12,0,0,0.00,01-Oct-2016,01-Oct-2016,17-Feb-2017,17-Feb-2017,1,1
823B_As-built,823B-A-PWS-0540,"ERS / Running and Approach Tunnel Area",TT_Task,,"CH124+190 to CH124+760",23-Jun-2011,12-Jul-2011,19,23-Jun-2011,12-Jul-2011,19,0,0,0.00,01-Oct-2016,01-Oct-2016,30-Jun-2014,30-Jun-2014,16,1
823B_As-built,823B-A-PWS-0550,"Remaining Area",TT_Task,,"CH124+190 to CH124+760",08-Oct-2011,21-Oct-2011,13,08-Oct-2011,21-Oct-2011,13,0,0,0.00,01-Oct-2016,01-Oct-2016,30-Jun-2014,30-Jun-2014,2,1
823B_As-built,823B-A-PWS-0520,"ERS Area",TT_Task,,"CH123+920 to CH124+190",23-Jun-2011,12-Jul-2011,19,23-Jun-2011,12-Jul-2011,19,0,0,0.00,01-Oct-2016,01-Oct-2016,30-Jun-2014,30-Jun-2014,7,1
823B_As-built,823B-A-PWS-0530,"SSS Area + remaining",TT_Task,,"CH123+920 to CH124+190",24-Aug-2011,07-Oct-2011,44,24-Aug-2011,07-Oct-2011,44,0,0,0.00,01-Oct-2016,01-Oct-2016,30-Jun-2014,30-Jun-2014,2,2
823B_As-built,823B-A-PWS-0500,"ERS Area",TT_Task,,"CH123+520 to CH123+920",23-Jun-2011,16-Jul-2011,23,23-Jun-2011,16-Jul-2011,23,0,0,0.00,01-Oct-2016,01-Oct-2016,30-Jun-2014,30-Jun-2014,7,1
823B_As-built,823B-A-PWS-0510,"SSS Area + remaining",TT_Task,,"CH123+520 to CH123+920",18-Jul-2011,23-Aug-2011,36,18-Jul-2011,23-Aug-2011,36,0,0,0.00,01-Oct-2016,01-Oct-2016,30-Jun-2014,30-Jun-2014,1,2
823B_As-built,823B-A-PWS-0900,"Condition Survey EBS for presence of Asbestos and gather samples",TT_Task,,"Asbestos Abatement Works",07-Jun-2011,08-Jun-2011,1,07-Jun-2011,08-Jun-2011,1,0,0,0.00,01-Oct-2016,01-Oct-2016,30-Jun-2014,30-Jun-2014,31,1
823B_As-built,823B-A-PWS-0910,"Test gathered samples",TT_Task,,"Asbestos Abatement Works",09-Jun-2011,15-Jun-2011,6,09-Jun-2011,15-Jun-2011,6,0,0,0.00,01-Oct-2016,01-Oct-2016,30-Jun-2014,30-Jun-2014,2,1
823B_As-built,823B-A-PWS-0920,"Prepare and submit Asbestos Investigation Report (AIR) & Asbestos Abatement Plan (AAP)",TT_Task,,"Asbestos Abatement Works",10-Jun-2011,16-Jun-2011,6,10-Jun-2011,16-Jun-2011,6,0,0,0.00,01-Oct-2016,01-Oct-2016,30-Jun-2014,30-Jun-2014,1,1
823B_As-built,823B-A-PWS-0930,"Approval period of AIR & AAP",TT_Task,,"Asbestos Abatement Works",17-Jun-2011,20-Jul-2011,33,17-Jun-2011,20-Jul-2011,33,0,0,0.00,01-Oct-2016,01-Oct-2016,30-Jun-2014,30-Jun-2014,1,2
823B_As-built,823B-A-PWS-0950,"Asbestos abatement works",TT_Task,,"Asbestos Abatement Works",23-Aug-2011,07-Sep-2011,15,23-Aug-2011,07-Sep-2011,15,0,0,0.00,01-Oct-2016,01-Oct-2016,30-Jun-2014,30-Jun-2014,2,1
823B_As-built,823B-A-PWS-0940,"Notification period to Engineer and EPD prior to Asbestos abatement works",TT_Task,,"Asbestos Abatement Works",21-Jul-2011,22-Aug-2011,32,21-Jul-2011,22-Aug-2011,32,0,0,0.00,01-Oct-2016,01-Oct-2016,30-Jun-2014,30-Jun-2014,2,1
823B_As-built,823B-A-PWS-0400,"Appoint an independent chartered structural engineer or chartered surveyor to carry out condition survey",TT_Task,,"Condition Survey of EBS",25-Oct-2010,25-Nov-2010,31,25-Oct-2010,25-Nov-2010,31,0,0,0.00,01-Oct-2016,01-Oct-2016,03-Mar-2014,03-Mar-2014,1,1
823B_As-built,823B-A-PWS-0410,"Approval of the appointed independent chartered structural engineer or chartered surveyor by Engineer",TT_Task,,"Condition Survey of EBS",26-Nov-2010,03-Jan-2011,38,26-Nov-2010,03-Jan-2011,38,0,0,0.00,01-Oct-2016,01-Oct-2016,03-Mar-2014,03-Mar-2014,1,1
823B_As-built,823B-A-PWS-0420,"Conduct condition survey",TT_Task,,"Condition Survey of EBS",07-Jun-2011,20-Jun-2011,13,07-Jun-2011,20-Jun-2011,13,0,0,0.00,01-Oct-2016,01-Oct-2016,03-Mar-2014,03-Mar-2014,32,1
823B_As-built,823B-A-PWS-0430,"Prepare and submit condition survey report",TT_Task,,"Condition Survey of EBS",09-Jun-2011,22-Jun-2011,13,09-Jun-2011,22-Jun-2011,13,0,0,0.00,01-Oct-2016,01-Oct-2016,03-Mar-2014,03-Mar-2014,1,12
823B_As-built,823B-A-PWS-0600,"Contamination Assessment Plan (CAP) - Prepare & submit to EPD for Approval [PS22.9.2] - Area F",TT_Task,,"CH123+520 to CH123+920",25-Oct-2010,30-Oct-2010,5,25-Oct-2010,30-Oct-2010,5,0,0,0.00,01-Oct-2016,01-Oct-2016,19-May-2014,19-May-2014,9,1
823B_As-built,823B-A-PWS-0610,"Contamination Assessment Plan (CAP) - Approval Period - Area F",TT_Task,,"CH123+520 to CH123+920",01-Nov-2010,27-Nov-2010,26,01-Nov-2010,27-Nov-2010,26,0,0,0.00,01-Oct-2016,01-Oct-2016,19-May-2014,19-May-2014,1,1
823B_As-built,823B-A-PWS-0620,"Conduct Contamination Assessment in accordance with the Approved CAP [PS22.9.2] - Area F",TT_Task,,"CH123+520 to CH123+920",29-Nov-2010,11-Dec-2010,12,29-Nov-2010,11-Dec-2010,12,0,0,0.00,01-Oct-2016,01-Oct-2016,19-May-2014,19-May-2014,1,1
823B_As-built,823B-A-PWS-0650,"Conduct remediation in accordance with method proposed in the approved Remediation Action Plan [PS22.9.3] - Area F",TT_Task,,"CH123+520 to CH123+920",22-Feb-2011,25-Jun-2011,123,22-Feb-2011,25-Jun-2011,123,0,0,0.00,01-Oct-2016,01-Oct-2016,19-May-2014,19-May-2014,2,1
823B_As-built,823B-A-PWS-0660,"Remediation Report - Prepare and submit for Approval [PS22.9.3] - Area F",TT_Task,,"CH123+520 to CH123+920",01-Jun-2011,29-Jun-2011,28,01-Jun-2011,29-Jun-2011,28,0,0,0.00,01-Oct-2016,01-Oct-2016,19-May-2014,19-May-2014,1,1
823B_As-built,823B-A-PWS-0630,"Contamination Assessment Report & Remediation Action Plan - Prepare and submit to EPD for Approval - Area F",TT_Task,,"CH123+520 to CH123+920",10-Dec-2010,23-Dec-2010,13,10-Dec-2010,23-Dec-2010,13,0,0,0.00,01-Oct-2016,01-Oct-2016,19-May-2014,19-May-2014,1,2
823B_As-built,823B-A-PWS-0640,"Contamination Assessment Report & Remediation Action Plan - Approval Period - Area F",TT_Task,,"CH123+520 to CH123+920",24-Dec-2010,24-Jan-2011,31,24-Dec-2010,24-Jan-2011,31,0,0,0.00,01-Oct-2016,01-Oct-2016,19-May-2014,19-May-2014,1,2
823B_As-built,823B-A-PWS-0670,"Remediation Report - Approval Period - Area F",TT_Task,,"CH123+520 to CH123+920",18-Jun-2011,30-Jul-2011,42,18-Jun-2011,30-Jul-2011,42,0,0,0.00,01-Oct-2016,01-Oct-2016,19-May-2014,19-May-2014,1,3
823B_As-built,823B-A-PWS-0700,"Contamination Assessment Plan (CAP) - Prepare & submit to EPD for Approval [PS22.9.2] - Area B & G",TT_Task,,"CH123+920 to CH124+190",25-Oct-2010,06-Nov-2010,12,25-Oct-2010,06-Nov-2010,12,0,0,0.00,01-Oct-2016,01-Oct-2016,03-Mar-2014,03-Mar-2014,5,1
823B_As-built,823B-A-PWS-0710,"Contamination Assessment Plan (CAP) - Approval Period - Area B & G",TT_Task,,"CH123+920 to CH124+190",08-Nov-2010,04-Dec-2010,26,08-Nov-2010,04-Dec-2010,26,0,0,0.00,01-Oct-2016,01-Oct-2016,03-Mar-2014,03-Mar-2014,1,1
823B_As-built,823B-A-PWS-0720,"Conduct Contamination Assessment in accordance with the Approved CAP [PS22.9.2] - Area B & G",TT_Task,,"CH123+920 to CH124+190",06-Dec-2010,10-Jan-2011,35,06-Dec-2010,10-Jan-2011,35,0,0,0.00,01-Oct-2016,01-Oct-2016,03-Mar-2014,03-Mar-2014,1,1
823B_As-built,823B-A-PWS-0750,"Conduct remediation in accordance with method proposed in the approved Remediation Action Plan [PS22.9.3] - Area B & G",TT_Task,,"CH123+920 to CH124+190",22-Feb-2011,25-Jun-2011,123,22-Feb-2011,25-Jun-2011,123,0,0,0.00,01-Oct-2016,01-Oct-2016,03-Mar-2014,03-Mar-2014,2,1
823B_As-built,823B-A-PWS-0760,"Remediation Report - Prepare and submit for Approval [PS22.9.3] - Area B & G",TT_Task,,"CH123+920 to CH124+190",31-May-2011,28-Jun-2011,28,31-May-2011,28-Jun-2011,28,0,0,0.00,01-Oct-2016,01-Oct-2016,03-Mar-2014,03-Mar-2014,1,1
823B_As-built,823B-A-PWS-0730,"Contamination Assessment Report & Remediation Action Plan - Prepare and submit to EPD for Approval - Area B & G",TT_Task,,"CH123+920 to CH124+190",29-Dec-2010,12-Jan-2011,14,29-Dec-2010,12-Jan-2011,14,0,0,0.00,01-Oct-2016,01-Oct-2016,03-Mar-2014,03-Mar-2014,1,2
823B_As-built,823B-A-PWS-0740,"Contamination Assessment Report & Remediation Action Plan - Approval Period - Area B & G",TT_Task,,"CH123+920 to CH124+190",13-Jan-2011,12-Feb-2011,30,13-Jan-2011,12-Feb-2011,30,0,0,0.00,01-Oct-2016,01-Oct-2016,03-Mar-2014,03-Mar-2014,1,2
823B_As-built,823B-A-PWS-0770,"Remediation Report - Approval Period - Area B & G",TT_Task,,"CH123+920 to CH124+190",29-Jun-2011,30-Jul-2011,31,29-Jun-2011,30-Jul-2011,31,0,0,0.00,01-Oct-2016,01-Oct-2016,03-Mar-2014,03-Mar-2014,1,3
823B_As-built,823B-A-PWS-0800,"Contamination Assessment Plan (CAP) - Prepare & submit to EPD for Approval [PS22.9.2] - Areas U, V & W",TT_Task,,"CH124+190 to CH124+760",25-Oct-2010,06-Nov-2010,12,25-Oct-2010,06-Nov-2010,12,0,0,0.00,01-Oct-2016,01-Oct-2016,03-Mar-2014,03-Mar-2014,16,1
823B_As-built,823B-A-PWS-0810,"Contamination Assessment Plan (CAP) - Approval Period - Areas U, V & W",TT_Task,,"CH124+190 to CH124+760",08-Nov-2010,04-Dec-2010,26,08-Nov-2010,04-Dec-2010,26,0,0,0.00,01-Oct-2016,01-Oct-2016,03-Mar-2014,03-Mar-2014,1,1
823B_As-built,823B-A-PWS-0820,"Conduct Contamination Assessment in accordance with the Approved CAP [PS22.9.2] - Areas U, V & W",TT_Task,,"CH124+190 to CH124+760",06-Dec-2010,28-Dec-2010,22,06-Dec-2010,28-Dec-2010,22,0,0,0.00,01-Oct-2016,01-Oct-2016,03-Mar-2014,03-Mar-2014,1,1
823B_As-built,823B-A-PWS-0850,"Conduct remediation in accordance with method proposed in the approved Remediation Action Plan [PS22.9.3] - Area U V & W",TT_Task,,"CH124+190 to CH124+760",22-Feb-2011,25-Jun-2011,123,22-Feb-2011,25-Jun-2011,123,0,0,0.00,01-Oct-2016,01-Oct-2016,03-Mar-2014,03-Mar-2014,2,1
823B_As-built,823B-A-PWS-0860,"Remediation Report - Prepare and submit for Approval [PS22.9.3] - Areas U, V & W",TT_Task,,"CH124+190 to CH124+760",07-Jun-2011,05-Jul-2011,28,07-Jun-2011,05-Jul-2011,28,0,0,0.00,01-Oct-2016,01-Oct-2016,03-Mar-2014,03-Mar-2014,1,1
823B_As-built,823B-A-PWS-0830,"Contamination Assessment Report & Remediation Action Plan - Prepare and submit to EPD for Approval - Areas U, V & W",TT_Task,,"CH124+190 to CH124+760",14-Dec-2010,29-Dec-2010,15,14-Dec-2010,29-Dec-2010,15,0,0,0.00,01-Oct-2016,01-Oct-2016,03-Mar-2014,03-Mar-2014,1,2
823B_As-built,823B-A-PWS-0840,"Contamination Assessment Report & Remediation Action Plan - Approval Period - Areas U, V & W",TT_Task,,"CH124+190 to CH124+760",30-Dec-2010,27-Jan-2011,28,30-Dec-2010,27-Jan-2011,28,0,0,0.00,01-Oct-2016,01-Oct-2016,03-Mar-2014,03-Mar-2014,1,3
823B_As-built,823B-A-PWS-0870,"Remediation Report -Approval Period - Areas U, V & W",TT_Task,,"CH124+190 to CH124+760",06-Jul-2011,12-Jul-2011,6,06-Jul-2011,12-Jul-2011,6,0,0,0.00,01-Oct-2016,01-Oct-2016,03-Mar-2014,03-Mar-2014,1,6
823B_As-built,823B-A-ADC-0000,"General and Special Attendance for Designated Contractors",TT_Task,,"General and Special Attendance for Designated Contractors",03-Dec-2012,30-Apr-2015,878,03-Dec-2012,30-Apr-2015,878,0,0,0.00,01-Oct-2016,01-Oct-2016,10-May-2015,10-May-2015,1,1
823B_As-built,823B-A-PMS-0010,"Preliminary Master Programme - Prepare and submit for approval [GS4.6.1]",TT_Task,,"Programme Management System",25-Oct-2010,21-Dec-2010,57,25-Oct-2010,21-Dec-2010,57,0,0,0.00,01-Oct-2016,01-Oct-2016,17-Feb-2017,17-Feb-2017,1,2
823B_As-built,823B-A-PMS-0020,"Preliminary Master Programme - Approval period",TT_Task,,"Programme Management System",22-Dec-2010,26-Jan-2011,35,22-Dec-2010,26-Jan-2011,35,0,0,0.00,01-Oct-2016,01-Oct-2016,17-Feb-2017,17-Feb-2017,1,2
823B_As-built,823B-A-PMS-0030,"Time Chainage Programme - Prepare and submit for approval [GS4.11.1]",TT_Task,,"Programme Management System",25-Oct-2010,21-Dec-2010,57,25-Oct-2010,21-Dec-2010,57,0,0,0.00,01-Oct-2016,01-Oct-2016,17-Feb-2017,17-Feb-2017,1,1
823B_As-built,823B-A-PMS-0040,"Time Chainage Programme - Approval period",TT_Task,,"Programme Management System",22-Dec-2010,26-Jan-2011,35,22-Dec-2010,26-Jan-2011,35,0,0,0.00,01-Oct-2016,01-Oct-2016,17-Feb-2017,17-Feb-2017,1,2
823B_As-built,823B-A-PMS-0050,"Implement Programme Management System",TT_Task,,"Programme Management System",27-Jan-2011,25-Aug-2011,210,27-Jan-2011,25-Aug-2011,210,0,0,0.00,01-Oct-2016,01-Oct-2016,17-Feb-2017,17-Feb-2017,2,2
823B_As-built,823B-A-PMS-0060,"Implement Programme Management System",TT_Task,,"Programme Management System",26-Aug-2011,23-Aug-2012,363,26-Aug-2011,23-Aug-2012,363,0,0,0.00,01-Oct-2016,01-Oct-2016,17-Feb-2017,17-Feb-2017,1,2
823B_As-built,823B-A-PMS-0070,"Implement Programme Management System",TT_Task,,"Programme Management System",24-Aug-2012,24-Aug-2013,365,24-Aug-2012,24-Aug-2013,365,0,0,0.00,01-Oct-2016,01-Oct-2016,17-Feb-2017,17-Feb-2017,1,1
823B_As-built,823B-A-PSA-0070,"Supply Engineer with Survey Equipment [PS41.1.1]",TT_Task,,"Site Accomodation & Services to the Engineer",27-May-2011,24-Jun-2011,28,27-May-2011,24-Jun-2011,28,0,0,0.00,01-Oct-2016,01-Oct-2016,10-May-2015,10-May-2015,1,1
823B_As-built,823B-A-PSA-0080,"Provide Engineer with suitably qualified full time Survey Assistant - 4 nos. [PS41.3.1]",TT_Task,,"Site Accomodation & Services to the Engineer",27-May-2011,24-Jun-2011,28,27-May-2011,24-Jun-2011,28,0,0,0.00,01-Oct-2016,01-Oct-2016,10-May-2015,10-May-2015,1,1
823B_As-built,823B-A-PSA-0090,"Provide Engineer with site transportation as detailed in PS42.1",TT_Task,,"Site Accomodation & Services to the Engineer",27-May-2011,02-Jun-2011,6,27-May-2011,02-Jun-2011,6,0,0,0.00,01-Oct-2016,01-Oct-2016,10-May-2015,10-May-2015,1,1
823B_As-built,823B-A-PSA-0100,"Submit details of qualified drivers to be assigned to the Engineer, for review [PS42.2.1]",TT_Task,,"Site Accomodation & Services to the Engineer",27-May-2011,13-Jun-2011,17,27-May-2011,13-Jun-2011,17,0,0,0.00,01-Oct-2016,01-Oct-2016,10-May-2015,10-May-2015,1,1
823B_As-built,823B-A-PSA-0060,"Provide, install, service & maintain 4 container offices for use by the Engineer's Site Staff near Kam Tin Road [PS20.5]",TT_Task,,"Site Accomodation & Services to the Engineer",13-May-2011,26-May-2011,13,13-May-2011,26-May-2011,13,0,0,0.00,01-Oct-2016,01-Oct-2016,10-May-2015,10-May-2015,2,3
823B_As-built,823B-A-PSA-0010,"Provide Engineer with detailed drawings of Site Accomodation",TT_Task,,"Site Accomodation & Services to the Engineer",01-Nov-2010,06-Nov-2010,5,01-Nov-2010,06-Nov-2010,5,0,0,0.00,01-Oct-2016,01-Oct-2016,10-May-2015,10-May-2015,0,1
823B_As-built,823B-A-PSA-0020,"Engineer's Approval",TT_Task,,"Site Accomodation & Services to the Engineer",08-Nov-2010,04-Dec-2010,26,08-Nov-2010,04-Dec-2010,26,0,0,0.00,01-Oct-2016,01-Oct-2016,10-May-2015,10-May-2015,1,2
823B_As-built,823B-A-PSA-0040,"Erect Site Accomodation",TT_Task,,"Site Accomodation & Services to the Engineer",02-Jul-2011,24-Aug-2011,53,02-Jul-2011,24-Aug-2011,53,0,0,0.00,01-Oct-2016,01-Oct-2016,10-May-2015,10-May-2015,4,2
823B_As-built,823B-A-PSA-0050,"Provide services and equipment, maintain and remove upon expiry of DLP  for the Engineer and his Staff",TT_Task,,"Site Accomodation & Services to the Engineer",08-Jul-2011,30-Apr-2015,1392,08-Jul-2011,30-Apr-2015,1392,0,0,0.00,01-Oct-2016,01-Oct-2016,10-May-2015,10-May-2015,3,1
823B_As-built,823B-A-PSA-0030,"Obtain Statutory Approval",TT_Task,,"Site Accomodation & Services to the Engineer",13-Jan-2011,26-Feb-2011,44,13-Jan-2011,26-Feb-2011,44,0,0,0.00,01-Oct-2016,01-Oct-2016,10-May-2015,10-May-2015,3,1
823B_As-built,823B-A-PSA-0022,"Address Engineer's Comment and Resubmission",TT_Task,,"Site Accomodation & Services to the Engineer",06-Dec-2010,11-Dec-2010,5,06-Dec-2010,11-Dec-2010,5,0,0,0.00,01-Oct-2016,01-Oct-2016,10-May-2015,10-May-2015,1,2
823B_As-built,823B-A-PSA-0024,"Resubmission Approval Period",TT_Task,,"Site Accomodation & Services to the Engineer",13-Dec-2010,12-Jan-2011,30,13-Dec-2010,12-Jan-2011,30,0,0,0.00,01-Oct-2016,01-Oct-2016,10-May-2015,10-May-2015,1,1
823B_As-built,823B-A-TWS-0010,"Erection of hoardings, walkways, fencing and gates [PS4.6.1]",TT_Task,,"Temporary Works",07-Jun-2011,12-Jul-2011,35,07-Jun-2011,12-Jul-2011,35,0,0,0.00,01-Oct-2016,01-Oct-2016,21-Sep-2014,21-Sep-2014,31,2
823B_As-built,823B-A-TWS-0020,"Graphics to hoarding enclosing Lot No. 1795 in DD111 and in the vicinity of LET 6 [PS4.6.2]",TT_Task,,"Temporary Works",25-May-2011,22-Jun-2011,28,25-May-2011,22-Jun-2011,28,0,0,0.00,01-Oct-2016,01-Oct-2016,21-Sep-2014,21-Sep-2014,1,1
823B_As-built,823B-A-TWS-0030,"Project Signboard Erection [PS4.6.8]",TT_Task,,"Temporary Works",28-Jun-2011,12-Jul-2011,14,28-Jun-2011,12-Jul-2011,14,0,0,0.00,01-Oct-2016,01-Oct-2016,21-Sep-2014,21-Sep-2014,2,2
823B_As-built,823B-A-TWS-0040,"Take over and maintain the hoarding erected by C823A upon possesion of WA 4.10, 4.10A, 4.11, 4.12B and 4.15 [PS4.6.12]",TT_Task,,"Temporary Works",02-May-2015,02-Mar-2016,305,30-Jun-2014,09-May-2015,313,-306,8,2.62,01-Oct-2016,01-Oct-2016,10-May-2015,10-May-2015,7,2
823B_As-built,823B-A-TWS-0050,"Construct temporary site acces road",TT_Task,,"Temporary Works",25-May-2011,08-Sep-2011,106,25-May-2011,08-Sep-2011,106,0,0,0.00,01-Oct-2016,01-Oct-2016,10-May-2015,10-May-2015,31,2
823B_As-built,823B-A-TWS-0080,"Temporary drainage & wheel washing",TT_Task,,"Temporary Works",01-Jun-2011,07-Jul-2011,36,01-Jun-2011,07-Jul-2011,36,0,0,0.00,01-Oct-2016,01-Oct-2016,10-May-2015,10-May-2015,1,1
823B_As-built,823B-A-TWS-0060,"Temporary Power Supply installation",TT_Task,,"Temporary Works",25-May-2011,29-Jun-2011,35,25-May-2011,29-Jun-2011,35,0,0,0.00,01-Oct-2016,01-Oct-2016,10-May-2015,10-May-2015,1,2
823B_As-built,823B-A-TWS-0070,"Temporary Water Supply installation",TT_Task,,"Temporary Works",25-May-2011,29-Jun-2011,35,25-May-2011,29-Jun-2011,35,0,0,0.00,01-Oct-2016,01-Oct-2016,10-May-2015,10-May-2015,1,2
823B_As-built,823B-A-TWS-0090,"Temporary Bridge at Shek Kong Airfield Road",TT_Task,,"Temporary Works",19-Aug-2011,16-Sep-2011,28,19-Aug-2011,16-Sep-2011,28,0,0,0.00,01-Oct-2016,01-Oct-2016,21-Sep-2014,21-Sep-2014,1,2
823B_As-built,823B-A-TWS-0100,"Temporary Platform construction for operation of D Wall Plants",TT_Task,,"Temporary Works",28-Jun-2011,05-Jul-2011,7,28-Jun-2011,05-Jul-2011,7,0,0,0.00,01-Oct-2016,01-Oct-2016,03-Mar-2014,03-Mar-2014,1,1
823B_As-built,823B-A-TWS-0110,"Setting-up Silo Plant and Equipment",TT_Task,,"Temporary Works",06-Jul-2011,09-Aug-2011,34,06-Jul-2011,09-Aug-2011,34,0,0,0.00,01-Oct-2016,01-Oct-2016,03-Mar-2014,03-Mar-2014,1,10
823B_As-built,823B-A-TWS-0500,"Prepare and submit environmental review report",TT_Task,,"EIAO Requirement",19-May-2011,15-Jul-2011,57,19-May-2011,15-Jul-2011,57,0,0,0.00,01-Oct-2016,01-Oct-2016,21-Sep-2014,21-Sep-2014,1,1
823B_As-built,823B-A-TWS-0510,"Review and comment by MTR",TT_Task,,"EIAO Requirement",16-Jul-2011,29-Jul-2011,13,16-Jul-2011,29-Jul-2011,13,0,0,0.00,01-Oct-2016,01-Oct-2016,21-Sep-2014,21-Sep-2014,1,1
823B_As-built,823B-A-TWS-0520,"Resubmission",TT_Task,,"EIAO Requirement",30-Jul-2011,12-Aug-2011,13,30-Jul-2011,12-Aug-2011,13,0,0,0.00,01-Oct-2016,01-Oct-2016,21-Sep-2014,21-Sep-2014,1,1
823B_As-built,823B-A-TWS-0530,"EPD Review",TT_Task,,"EIAO Requirement",13-Aug-2011,09-Sep-2011,27,13-Aug-2011,09-Sep-2011,27,0,0,0.00,01-Oct-2016,01-Oct-2016,21-Sep-2014,21-Sep-2014,1,1
823B_As-built,823B-A-TWS-0540,"Issue VP from EPD",TT_Task,,"EIAO Requirement",10-Sep-2011,11-Oct-2011,31,10-Sep-2011,11-Oct-2011,31,0,0,0.00,01-Oct-2016,01-Oct-2016,21-Sep-2014,21-Sep-2014,1,1
823B_As-built,823B-A-TWS-0700,"Site clearance / formation (Works Area 4.22A )",TT_Task,,"Construction",20-Aug-2011,17-Sep-2011,28,20-Aug-2011,17-Sep-2011,28,0,0,0.00,01-Oct-2016,01-Oct-2016,21-Sep-2014,21-Sep-2014,1,1
823B_As-built,823B-A-TWS-0710,"River bank protection & foundation",TT_Task,,"Construction",19-Sep-2011,01-Nov-2011,43,19-Sep-2011,01-Nov-2011,43,0,0,0.00,01-Oct-2016,01-Oct-2016,21-Sep-2014,21-Sep-2014,2,1
823B_As-built,823B-A-TWS-0720,"Erection and completion of batching plant",TT_Task,,"Construction",02-Nov-2011,06-Dec-2011,34,02-Nov-2011,06-Dec-2011,34,0,0,0.00,01-Oct-2016,01-Oct-2016,21-Sep-2014,21-Sep-2014,4,1
823B_As-built,823B-A-TWS-0730,"Final inspection by EPD",TT_Task,,"Construction",30-Nov-2011,06-Dec-2011,6,30-Nov-2011,06-Dec-2011,6,0,0,0.00,01-Oct-2016,01-Oct-2016,21-Sep-2014,21-Sep-2014,1,1
823B_As-built,823B-A-TWS-0740,"Trial mix",TT_Task,,"Construction",07-Dec-2011,13-Dec-2011,6,07-Dec-2011,13-Dec-2011,6,0,0,0.00,01-Oct-2016,01-Oct-2016,21-Sep-2014,21-Sep-2014,1,1
823B_As-built,823B-A-TWS-0750,"Commisioning / Operation",TT_Task,,"Construction",14-Dec-2011,17-Dec-2013,734,14-Dec-2011,14-Jun-2014,913,0,179,24.39,01-Oct-2016,01-Oct-2016,21-Sep-2014,21-Sep-2014,2,1
823B_As-built,823B-A-TWS-0760,"Decommissioning / dismantle",TT_Task,,"Construction",16-Jun-2014,24-Jun-2014,8,16-Jun-2014,24-Jun-2014,8,0,0,0.00,01-Oct-2016,01-Oct-2016,21-Sep-2014,21-Sep-2014,1,2
823B_As-built,823B-A-TWS-0610,"Prepare and Submit -  Layout and Design",TT_Task,,"Design",19-May-2011,23-Jun-2011,35,19-May-2011,23-Jun-2011,35,0,0,0.00,01-Oct-2016,01-Oct-2016,21-Sep-2014,21-Sep-2014,1,1
823B_As-built,823B-A-TWS-0620,"Review and Approval Period -  Layout and Design",TT_Task,,"Design",24-Jun-2011,05-Aug-2011,42,24-Jun-2011,05-Aug-2011,42,0,0,0.00,01-Oct-2016,01-Oct-2016,21-Sep-2014,21-Sep-2014,1,1
823B_As-built,823B-A-TWS-0630,"Address Comments and Resubmit -  Layout and Design",TT_Task,,"Design",06-Aug-2011,26-Aug-2011,20,06-Aug-2011,26-Aug-2011,20,0,0,0.00,01-Oct-2016,01-Oct-2016,21-Sep-2014,21-Sep-2014,1,1
823B_As-built,823B-A-TWS-0640,"Review and Approval Period -  Layout and Design Resubmission",TT_Task,,"Design",27-Aug-2011,24-Sep-2011,28,27-Aug-2011,24-Sep-2011,28,0,0,0.00,01-Oct-2016,01-Oct-2016,21-Sep-2014,21-Sep-2014,1,1
823B_As-built,823B-A-TWS-0400,"Preparation of SP submission",TT_Task,,"APCO Requirement",19-May-2011,16-Jun-2011,28,19-May-2011,16-Jun-2011,28,0,0,0.00,01-Oct-2016,01-Oct-2016,21-Sep-2014,21-Sep-2014,1,3
823B_As-built,823B-A-TWS-0410,"SP submission & EPD approval",TT_Task,,"APCO Requirement",17-Jun-2011,09-Sep-2011,84,17-Jun-2011,09-Sep-2011,84,0,0,0.00,01-Oct-2016,01-Oct-2016,21-Sep-2014,21-Sep-2014,1,1
823B_As-built,823B-A-TWS-0420,"Gazettel to public",TT_Task,,"APCO Requirement",27-Aug-2011,24-Sep-2011,28,27-Aug-2011,24-Sep-2011,28,0,0,0.00,01-Oct-2016,01-Oct-2016,21-Sep-2014,21-Sep-2014,1,1
823B_As-built,823B-A-TWS-0250,"Marine Survey at Barging Point [PS4.3.1] (before construction of barging facilities)",TT_Task,,"Rambler Channel Barging Facility",08-Dec-2010,07-Jan-2011,30,08-Dec-2010,07-Jan-2011,30,0,0,0.00,01-Oct-2016,01-Oct-2016,17-Feb-2017,17-Feb-2017,1,1
823B_As-built,823B-A-TWS-0310,"Marine Survey at Barging Point [PS4.3.1] (before handing back the Works Area)",TT_Task,,"Rambler Channel Barging Facility",25-Feb-2015,24-Mar-2015,27,25-Jul-2013,25-Jul-2013,,-580,,,01-Oct-2016,01-Oct-2016,17-Feb-2017,17-Feb-2017,1,1
823B_As-built,823B-A-TWS-0200,"Design Barging Facilities",TT_Task,,"Rambler Channel Barging Facility",25-Oct-2010,23-Nov-2010,29,25-Oct-2010,23-Nov-2010,29,0,0,0.00,01-Oct-2016,01-Oct-2016,17-Feb-2017,17-Feb-2017,1,1
823B_As-built,823B-A-TWS-0210,"Approval of Barging Facilities Design",TT_Task,,"Rambler Channel Barging Facility",24-Nov-2010,22-Jan-2011,59,24-Nov-2010,22-Jan-2011,59,0,0,0.00,01-Oct-2016,01-Oct-2016,17-Feb-2017,17-Feb-2017,1,2
823B_As-built,823B-A-TWS-0270,"Construct barging facilities",TT_Task,,"Rambler Channel Barging Facility",24-Jan-2011,23-Mar-2011,58,24-Jan-2011,23-Mar-2011,58,0,0,0.00,01-Oct-2016,01-Oct-2016,17-Feb-2017,17-Feb-2017,4,1
823B_As-built,823B-A-TWS-0300,"Operate and maintain barging facilities",TT_Task,,"Rambler Channel Barging Facility",24-Mar-2011,23-Feb-2015,1432,24-Mar-2011,25-Jul-2013,854,0,-578,-40.36,01-Oct-2016,01-Oct-2016,17-Feb-2017,17-Feb-2017,3,1
823B_As-built,823B-A-TWS-0280,"Operation Plan for the Barging Facility - Prepare and Submit for Approval [PS17.1.9]",TT_Task,,"Rambler Channel Barging Facility",25-Oct-2010,27-Nov-2010,33,25-Oct-2010,27-Nov-2010,33,0,0,0.00,01-Oct-2016,01-Oct-2016,17-Feb-2017,17-Feb-2017,1,1
823B_As-built,823B-A-TWS-0290,"Operation Plan for the Barging Facility - Review and Approval Period",TT_Task,,"Rambler Channel Barging Facility",29-Nov-2010,22-Dec-2010,23,29-Nov-2010,22-Dec-2010,23,0,0,0.00,01-Oct-2016,01-Oct-2016,17-Feb-2017,17-Feb-2017,1,1
823B_As-built,823B-A-TWS-0320,"Remove facilities & hoardings and install chainlink fence & reinstate Works Area prior to handover",TT_Task,,"Rambler Channel Barging Facility",25-Mar-2015,09-May-2015,45,25-Jul-2013,25-Jul-2013,,-608,,,01-Oct-2016,01-Oct-2016,17-Feb-2017,17-Feb-2017,1,1
823B_As-built,823B-A-TWS-0220,"Initial Site Survey (PS4.1.2)",TT_Task,,"Rambler Channel Barging Facility",01-Dec-2010,14-Dec-2010,13,01-Dec-2010,14-Dec-2010,13,0,0,0.00,01-Oct-2016,01-Oct-2016,17-Feb-2017,17-Feb-2017,1,1
823B_As-built,823B-A-TWS-0230,"Initial Site Survey Report (PS4.1.2)",TT_Task,,"Rambler Channel Barging Facility",15-Dec-2010,30-Dec-2010,15,15-Dec-2010,30-Dec-2010,15,0,0,0.00,01-Oct-2016,01-Oct-2016,17-Feb-2017,17-Feb-2017,1,1
823B_As-built,823B-A-TWS-0240,"Erection of Hoarding",TT_Task,,"Rambler Channel Barging Facility",06-Dec-2010,18-Dec-2010,12,06-Dec-2010,18-Dec-2010,12,0,0,0.00,01-Oct-2016,01-Oct-2016,17-Feb-2017,17-Feb-2017,1,1
823B_As-built,823B-A-TWS-0260,"Obtain Statutory Approval",TT_Task,,"Rambler Channel Barging Facility",24-Jan-2011,09-Mar-2011,44,24-Jan-2011,09-Mar-2011,44,0,0,0.00,01-Oct-2016,01-Oct-2016,17-Feb-2017,17-Feb-2017,1,1
823B_As-built,823B-A-SPM-0010,"Environmental Management Plan - Prepare and submit for approval [GS5.1.10]",TT_Task,,"Specified Plan Management",20-Nov-2010,22-Dec-2010,32,20-Nov-2010,22-Dec-2010,32,0,0,0.00,01-Oct-2016,01-Oct-2016,03-Mar-2014,03-Mar-2014,1,4
823B_As-built,823B-A-SPM-0020,"Environmental Management Plan - Approval period",TT_Task,,"Specified Plan Management",23-Dec-2010,27-Jan-2011,35,23-Dec-2010,27-Jan-2011,35,0,0,0.00,01-Oct-2016,01-Oct-2016,17-Feb-2017,17-Feb-2017,1,2
823B_As-built,823B-A-SPM-0030,"Quality Plan - Prepare and submit for approval [GS9.2.1]",TT_Task,,"Specified Plan Management",22-Nov-2010,23-Dec-2010,31,22-Nov-2010,23-Dec-2010,31,0,0,0.00,01-Oct-2016,01-Oct-2016,17-Feb-2017,17-Feb-2017,1,1
823B_As-built,823B-A-SPM-0040,"Quality Plan - Approval period",TT_Task,,"Specified Plan Management",24-Dec-2010,28-Jan-2011,35,24-Dec-2010,28-Jan-2011,35,0,0,0.00,01-Oct-2016,01-Oct-2016,17-Feb-2017,17-Feb-2017,1,2
823B_As-built,823B-A-SPM-0050,"Implement Specified Plans and satisfactorily confirmed by Engineer",TT_Task,,"Specified Plan Management",29-Jan-2011,24-Feb-2011,26,29-Jan-2011,24-Feb-2011,26,0,0,0.00,01-Oct-2016,01-Oct-2016,17-Feb-2017,17-Feb-2017,2,2
823B_As-built,823B-A-SPM-0060,"Implement Specified Plans and satisfactorily confirmed by Engineer",TT_Task,,"Specified Plan Management",25-Feb-2011,27-Aug-2011,183,25-Feb-2011,27-Aug-2011,183,0,0,0.00,01-Oct-2016,01-Oct-2016,17-Feb-2017,17-Feb-2017,1,2
823B_As-built,823B-A-SPM-0070,"Implement Specified Plans and satisfactorily confirmed by Engineer",TT_Task,,"Specified Plan Management",29-Aug-2011,25-Feb-2012,180,29-Aug-2011,25-Feb-2012,180,0,0,0.00,01-Oct-2016,01-Oct-2016,17-Feb-2017,17-Feb-2017,1,2
823B_As-built,823B-A-SPM-0080,"Implement Specified Plans and satisfactorily confirmed by Engineer",TT_Task,,"Specified Plan Management",27-Feb-2012,25-Aug-2012,180,27-Feb-2012,25-Aug-2012,180,0,0,0.00,01-Oct-2016,01-Oct-2016,17-Feb-2017,17-Feb-2017,1,2
823B_As-built,823B-A-SPM-0090,"Implement Specified Plans and satisfactorily confirmed by Engineer",TT_Task,,"Specified Plan Management",27-Aug-2012,23-Mar-2013,208,27-Aug-2012,23-Mar-2013,208,0,0,0.00,01-Oct-2016,01-Oct-2016,17-Feb-2017,17-Feb-2017,1,2
823B_As-built,823B-A-SPM-0100,"Implement Specified Plans and satisfactorily confirmed by Engineer",TT_Task,,"Specified Plan Management",25-Mar-2013,24-Aug-2013,152,25-Mar-2013,24-Aug-2013,152,0,0,0.00,01-Oct-2016,01-Oct-2016,17-Feb-2017,17-Feb-2017,1,2
823B_As-built,823B-A-SPM-0110,"Implement Specified Plans and satisfactorily confirmed by Engineer",TT_Task,,"Specified Plan Management",26-Aug-2013,29-Mar-2014,215,26-Aug-2013,29-Mar-2014,215,0,0,0.00,01-Oct-2016,01-Oct-2016,17-Feb-2017,17-Feb-2017,1,1
823B_As-built,823B-A-GNS-0010,"Methods of Construction - Prepare and submit for approval [GS12.1.1]",TT_Task,,"General Submission",25-Oct-2010,25-Nov-2010,31,25-Oct-2010,25-Nov-2010,31,0,0,0.00,01-Oct-2016,01-Oct-2016,17-Feb-2017,17-Feb-2017,1,1
823B_As-built,823B-A-GNS-0020,"Methods of Construction - Approval period",TT_Task,,"General Submission",26-Nov-2010,30-Dec-2010,34,26-Nov-2010,30-Dec-2010,34,0,0,0.00,01-Oct-2016,01-Oct-2016,17-Feb-2017,17-Feb-2017,1,1
823B_As-built,823B-A-GNS-0030,"Contractor's Submission Schedule - Prepare and submit for approval [GS12.11.1]",TT_Task,,"General Submission",25-Oct-2010,25-Nov-2010,31,25-Oct-2010,25-Nov-2010,31,0,0,0.00,01-Oct-2016,01-Oct-2016,17-Feb-2017,17-Feb-2017,1,1
823B_As-built,823B-A-GNS-0040,"Contractor's Submission Schedule - Approval period",TT_Task,,"General Submission",26-Nov-2010,30-Dec-2010,34,26-Nov-2010,30-Dec-2010,34,0,0,0.00,01-Oct-2016,01-Oct-2016,17-Feb-2017,17-Feb-2017,1,1
823B_As-built,823B-A-GNS-0050,"Preliminary Design Programme - Prepare and Submit for Approval [PS7.1.8 - App. Z2.1]",TT_Task,,"General Submission",25-Oct-2010,09-Nov-2010,15,25-Oct-2010,09-Nov-2010,15,0,0,0.00,01-Oct-2016,01-Oct-2016,17-Feb-2017,17-Feb-2017,1,2
823B_As-built,823B-A-GNS-0060,"Preliminary Design Programme - Review and Approval Period [PS7.1.8 - App. Z2.2]",TT_Task,,"General Submission",26-Nov-2010,30-Dec-2010,34,26-Nov-2010,30-Dec-2010,34,0,0,0.00,01-Oct-2016,01-Oct-2016,17-Feb-2017,17-Feb-2017,2,1
823B_As-built,823B-A-GNS-0070,"Preliminary Design Programme - Resubmission and Approval (if required) [PS7.1.8 - App. Z2.2]",TT_Task,,"General Submission",31-Dec-2010,28-Jan-2011,28,31-Dec-2010,28-Jan-2011,28,0,0,0.00,01-Oct-2016,01-Oct-2016,17-Feb-2017,17-Feb-2017,1,1
823B_As-built,823B-A-GNS-0080,"Schedule of Designs - Prepare and Submit for Approval [PS7.1.8 - App. Z2.5]",TT_Task,,"General Submission",10-Nov-2010,25-Nov-2010,15,10-Nov-2010,25-Nov-2010,15,0,0,0.00,01-Oct-2016,01-Oct-2016,17-Feb-2017,17-Feb-2017,1,1
823B_As-built,823B-A-GNS-0090,"Spoil Disposal Plan [PS17.7.1]",TT_Task,,"General Submission",23-Dec-2010,29-Jan-2011,37,23-Dec-2010,29-Jan-2011,37,0,0,0.00,01-Oct-2016,01-Oct-2016,17-Feb-2017,17-Feb-2017,1,1
823B_As-built,823B-A-GNS-0100,"Waste Management Plan [PS22.10.1]",TT_Task,,"General Submission",23-Dec-2010,29-Jan-2011,37,23-Dec-2010,29-Jan-2011,37,0,0,0.00,01-Oct-2016,01-Oct-2016,17-Feb-2017,17-Feb-2017,1,1
823B_As-built,823B-A-DIS-0010,"Prepare and Submit Detailed Interface Specification",TT_Task,,"Detailed Interface Specification",10-Sep-2011,22-Nov-2011,73,10-Sep-2011,22-Nov-2011,73,0,0,0.00,01-Oct-2016,01-Oct-2016,17-Feb-2017,17-Feb-2017,0,1
823B_As-built,823B-A-DIS-0040,"Approval of Detailed Interface Plan",TT_Task,,"Detailed Interface Specification",22-Nov-2012,28-Dec-2012,36,22-Nov-2012,28-Dec-2012,36,0,0,0.00,01-Oct-2016,01-Oct-2016,17-Feb-2017,17-Feb-2017,1,1
823B_As-built,823B-A-DIS-0020,"Approval of Detailed Interface Plan",TT_Task,,"Detailed Interface Specification",23-Nov-2011,29-Dec-2011,36,23-Nov-2011,29-Dec-2011,36,0,0,0.00,01-Oct-2016,01-Oct-2016,17-Feb-2017,17-Feb-2017,1,2
823B_As-built,823B-A-DIS-0030,"Prepare and Submit Detailed Interface Specification",TT_Task,,"Detailed Interface Specification",10-Sep-2012,21-Nov-2012,72,10-Sep-2012,21-Nov-2012,72,0,0,0.00,01-Oct-2016,01-Oct-2016,17-Feb-2017,17-Feb-2017,1,1
823B_As-built,823B-A-OMM-0010,"Prepare and Submit Draft Operation and Maintenance Manual [PS33.1]",TT_Task,,"O&M Manuals and As-Built Drawings",20-Apr-2015,26-May-2015,36,12-Sep-2014,03-Oct-2014,21,-220,-15,-41.67,01-Oct-2016,01-Oct-2016,23-Sep-2014,23-Sep-2014,1,1
823B_As-built,823B-A-OMM-0020,"Review and approval period of Draft Operation and Maintenance Manual",TT_Task,,"O&M Manuals and As-Built Drawings",27-May-2015,03-Jul-2015,37,04-Oct-2014,22-Jun-2015,261,-235,224,605.41,01-Oct-2016,01-Oct-2016,23-Sep-2014,23-Sep-2014,1,2
823B_As-built,823B-A-OMM-0030,"Prepare and Submit Final Operation and Maintenance Manual [PS33.1]",TT_Task,,"O&M Manuals and As-Built Drawings",23-Jun-2015,28-Jul-2015,35,23-Jun-2015,,,0,,,01-Oct-2016,01-Oct-2016,23-Sep-2014,23-Sep-2014,1,2
823B_As-built,823B-A-OMM-0050,"Provide Engineer with As-Built Drawing for the Whole of the Works [PS33.2]",TT_Task,,"O&M Manuals and As-Built Drawings",23-Jun-2015,28-Jul-2015,35,23-Jun-2015,,,0,,,01-Oct-2016,04-Oct-2016,23-Sep-2014,25-Sep-2014,1,2
823B_As-built,823B-A-OMM-0070,"Provide Engineer with Asset Registration Information [PS33.3]",TT_Task,,"O&M Manuals and As-Built Drawings",01-Oct-2016,04-Nov-2016,34,,,,0,,,01-Oct-2016,04-Nov-2016,05-Jan-2015,07-Feb-2015,1,1
823B_As-built,823B-A-OMM-0040,"Review and approval period of Final Operation and Maintenance Manual",TT_Task,,"O&M Manuals and As-Built Drawings",13-Oct-2015,17-Nov-2015,35,02-Oct-2015,,,-11,,,26-Oct-2016,04-Nov-2016,29-Jan-2015,07-Feb-2015,2,1
823B_As-built,823B-A-OMM-0060,"Review and approval of As-Built Drawing for the Whole of the Works",TT_Task,,"O&M Manuals and As-Built Drawings",29-Jan-2016,03-Mar-2016,34,02-Oct-2015,,,-119,,,19-Jan-2017,11-Feb-2017,15-Jan-2015,07-Feb-2015,1,1
823B_As-built,823B-G-IBP-S-1160,"GL 1-5 (166m�)",TT_Task,,"Concrete wall from +15.20 to +18.20",17-Nov-2012,10-Dec-2012,23,17-Nov-2012,14-Jan-2013,58,0,35,152.17,01-Oct-2016,01-Oct-2016,03-Mar-2014,03-Mar-2014,1,2
823B_As-built,823B-G-IBP-S-1170,"GL 6-10 (347m�)",TT_Task,,"Concrete wall from +15.20 to +18.20",19-Nov-2012,11-Dec-2012,22,19-Nov-2012,17-Jan-2013,59,0,37,168.18,01-Oct-2016,01-Oct-2016,03-Mar-2014,03-Mar-2014,2,1
823B_As-built,823B-G-IBP-S-1180,"GL 11-18 (189m�)",TT_Task,,"Concrete wall from +15.20 to +18.20",13-Sep-2012,27-Dec-2012,105,13-Sep-2012,18-Jan-2013,127,0,22,20.95,01-Oct-2016,01-Oct-2016,03-Mar-2014,03-Mar-2014,1,1
823B_As-built,823B-G-IBP-S-1100,"GL 1-5",TT_Task,,"Backfilling and underground services",10-Sep-2012,22-Sep-2012,12,10-Sep-2012,22-Sep-2012,12,0,0,0.00,01-Oct-2016,01-Oct-2016,03-Mar-2014,03-Mar-2014,1,2
823B_As-built,823B-G-IBP-S-1110,"GL 6-10",TT_Task,,"Backfilling and underground services",27-Sep-2012,10-Oct-2012,13,27-Sep-2012,10-Oct-2012,13,0,0,0.00,01-Oct-2016,01-Oct-2016,03-Mar-2014,03-Mar-2014,2,1
823B_As-built,823B-G-IBP-S-1120,"GL 11-18",TT_Task,,"Backfilling and underground services",28-Sep-2012,18-Oct-2012,20,28-Sep-2012,18-Oct-2012,20,0,0,0.00,01-Oct-2016,01-Oct-2016,03-Mar-2014,03-Mar-2014,1,1
823B_As-built,823B-G-IBP-S-1010,"GL 1-5 (581m�)",TT_Task,,"Excavation for strip footing",23-Jul-2012,28-Jul-2012,5,23-Jul-2012,28-Jul-2012,5,0,0,0.00,01-Oct-2016,01-Oct-2016,03-Mar-2014,03-Mar-2014,1,2
823B_As-built,823B-G-IBP-S-1020,"GL 6-10 (986m�)",TT_Task,,"Excavation for strip footing",30-Jul-2012,11-Aug-2012,12,30-Jul-2012,11-Aug-2012,12,0,0,0.00,01-Oct-2016,01-Oct-2016,03-Mar-2014,03-Mar-2014,2,1
823B_As-built,823B-G-IBP-S-1030,"GL 11-18 (1055m�)",TT_Task,,"Excavation for strip footing",13-Aug-2012,25-Aug-2012,12,13-Aug-2012,25-Aug-2012,12,0,0,0.00,01-Oct-2016,01-Oct-2016,03-Mar-2014,03-Mar-2014,1,1
823B_As-built,823B-G-IBP-S-1130,"GL 1-5 (219m�)",TT_Task,,"Ground floor slab at +15.20 G/F",22-Oct-2012,16-Nov-2012,25,22-Oct-2012,16-Nov-2012,25,0,0,0.00,01-Oct-2016,01-Oct-2016,03-Mar-2014,03-Mar-2014,1,3
823B_As-built,823B-G-IBP-S-1140,"GL 6-10 (103m�)",TT_Task,,"Ground floor slab at +15.20 G/F",17-Oct-2012,13-Nov-2012,27,17-Oct-2012,13-Nov-2012,27,0,0,0.00,01-Oct-2016,01-Oct-2016,03-Mar-2014,03-Mar-2014,2,2
823B_As-built,823B-G-IBP-S-1150,"GL 11-18 (299m�)",TT_Task,,"Ground floor slab at +15.20 G/F",22-Oct-2012,17-Nov-2012,26,22-Oct-2012,17-Nov-2012,26,0,0,0.00,01-Oct-2016,01-Oct-2016,03-Mar-2014,03-Mar-2014,1,2
823B_As-built,823B-G-IBP-S-1220,"GL 1-5 (373m�)",TT_Task,,"R/F slab at +22.90",31-Dec-2012,23-Jan-2013,23,03-Dec-2012,19-Jan-2013,47,-28,24,104.35,01-Oct-2016,01-Oct-2016,03-Mar-2014,03-Mar-2014,1,14
823B_As-built,823B-G-IBP-S-1230,"GL 6-10 (376m�)",TT_Task,,"R/F slab at +22.90",24-Jan-2013,16-Feb-2013,23,08-Oct-2012,23-Jan-2013,107,-108,84,365.22,01-Oct-2016,01-Oct-2016,03-Mar-2014,03-Mar-2014,2,11
823B_As-built,823B-G-IBP-S-1240,"GL 11-18 (522m�)",TT_Task,,"R/F slab at +22.90",19-Jan-2013,23-Feb-2013,35,03-Dec-2012,26-Jan-2013,54,-47,19,54.29,01-Oct-2016,01-Oct-2016,03-Mar-2014,03-Mar-2014,1,9
823B_As-built,823B-G-IBP-S-1040,"GL 1-5 (206m�)",TT_Task,,"Strip footing",06-Aug-2012,25-Aug-2012,19,06-Aug-2012,25-Aug-2012,19,0,0,0.00,01-Oct-2016,01-Oct-2016,03-Mar-2014,03-Mar-2014,1,3
823B_As-built,823B-G-IBP-S-1050,"GL 6-10 (409m�)",TT_Task,,"Strip footing",06-Aug-2012,19-Sep-2012,44,06-Aug-2012,19-Sep-2012,44,0,0,0.00,01-Oct-2016,01-Oct-2016,03-Mar-2014,03-Mar-2014,2,2
823B_As-built,823B-G-IBP-S-1060,"GL 11-18 (331m�)",TT_Task,,"Strip footing",20-Aug-2012,08-Sep-2012,19,20-Aug-2012,08-Sep-2012,19,0,0,0.00,01-Oct-2016,01-Oct-2016,03-Mar-2014,03-Mar-2014,1,2
823B_As-built,823B-G-IBP-S-1070,"GL 1-5 (71m�)",TT_Task,,"Column from +13.55 to R/F +22.90",27-Aug-2012,13-Oct-2012,47,27-Aug-2012,13-Oct-2012,47,0,0,0.00,01-Oct-2016,01-Oct-2016,03-Mar-2014,03-Mar-2014,1,2
823B_As-built,823B-G-IBP-S-1080,"GL 6-10 (81m�)",TT_Task,,"Column from +13.55 to R/F +22.90",27-Aug-2012,08-Dec-2012,103,27-Aug-2012,08-Dec-2012,103,0,0,0.00,01-Oct-2016,01-Oct-2016,03-Mar-2014,03-Mar-2014,2,1
823B_As-built,823B-G-IBP-S-1090,"GL 11-18 (113m�)",TT_Task,,"Column from +13.55 to R/F +22.90",30-Aug-2012,07-Dec-2012,99,30-Aug-2012,07-Dec-2012,99,0,0,0.00,01-Oct-2016,01-Oct-2016,03-Mar-2014,03-Mar-2014,1,1
823B_As-built,823B-G-IBP-S-1190,"GL 1-5 (166m�)",TT_Task,,"Concrete wall from +18.20 to R/F +22.90",11-Dec-2012,29-Dec-2012,18,15-Jan-2013,26-Jan-2013,11,35,-7,-38.89,01-Oct-2016,01-Oct-2016,03-Mar-2014,03-Mar-2014,1,2
823B_As-built,823B-G-IBP-S-1200,"GL 6-10 (347m�)",TT_Task,,"Concrete wall from +18.20 to R/F +22.90",31-Dec-2012,17-Jan-2013,17,18-Jan-2013,02-Feb-2013,15,18,-2,-11.76,01-Oct-2016,01-Oct-2016,03-Mar-2014,03-Mar-2014,2,1
823B_As-built,823B-G-IBP-S-1210,"GL 11-18 (189m�)",TT_Task,,"Concrete wall from +18.20 to R/F +22.90",28-Dec-2012,18-Jan-2013,21,19-Jan-2013,31-Jan-2013,12,22,-9,-42.86,01-Oct-2016,01-Oct-2016,03-Mar-2014,03-Mar-2014,1,2
823B_As-built,823B-G-IBP-A-2230,"Door and ironmongery 1-6",TT_Task,,"Door and Ironmongery",01-Dec-2014,08-Dec-2014,7,01-Dec-2014,08-Dec-2014,7,0,0,0.00,01-Oct-2016,01-Oct-2016,17-Feb-2017,17-Feb-2017,1,2
823B_As-built,823B-G-IBP-A-2240,"Door and ironmongery 6-10",TT_Task,,"Door and Ironmongery",09-Dec-2014,16-Dec-2014,7,09-Dec-2014,16-Dec-2014,7,0,0,0.00,01-Oct-2016,01-Oct-2016,17-Feb-2017,17-Feb-2017,2,2
823B_As-built,823B-G-IBP-A-2250,"Door and ironmongery 10-18",TT_Task,,"Door and Ironmongery",17-Dec-2014,24-Dec-2014,7,17-Dec-2014,24-Dec-2014,7,0,0,0.00,01-Oct-2016,01-Oct-2016,17-Feb-2017,17-Feb-2017,2,1
823B_As-built,823B-G-IBP-A-2170,"Ceilign panel 1-6",TT_Task,,"Ceiling Panel",05-Jul-2013,08-Aug-2013,34,05-Jul-2013,08-Aug-2013,34,0,0,0.00,01-Oct-2016,01-Oct-2016,03-Mar-2014,03-Mar-2014,1,4
823B_As-built,823B-G-IBP-A-2180,"Ceilign panel 6-10",TT_Task,,"Ceiling Panel",09-Aug-2013,12-Sep-2013,34,09-Aug-2013,12-Sep-2013,34,0,0,0.00,01-Oct-2016,01-Oct-2016,03-Mar-2014,03-Mar-2014,2,4
823B_As-built,823B-G-IBP-A-2190,"Ceilign panel 10-18",TT_Task,,"Ceiling Panel",13-Sep-2013,21-Oct-2013,38,13-Sep-2013,21-Oct-2013,38,0,0,0.00,01-Oct-2016,01-Oct-2016,03-Mar-2014,03-Mar-2014,2,3
823B_As-built,823B-G-IBP-A-2070,"Metal work 6-10",TT_Task,,"Metal Work",07-Feb-2013,18-Feb-2013,11,07-Feb-2013,18-Feb-2013,11,0,0,0.00,01-Oct-2016,01-Oct-2016,17-Feb-2017,17-Feb-2017,2,1
823B_As-built,823B-G-IBP-A-2110,"Ceiling, floor and wall coating 1-6",TT_Task,,"Ceiling, Floor and Wall Coating",13-Mar-2013,20-Mar-2013,7,13-Mar-2013,04-Jun-2013,83,0,76,1085.71,01-Oct-2016,01-Oct-2016,03-Mar-2014,03-Mar-2014,2,2
823B_As-built,823B-G-IBP-A-2120,"Ceiling, floor and wall coating 6-10",TT_Task,,"Ceiling, Floor and Wall Coating",21-Mar-2013,28-Mar-2013,7,05-Jun-2013,13-Jun-2013,8,76,1,14.29,01-Oct-2016,01-Oct-2016,03-Mar-2014,03-Mar-2014,2,2
823B_As-built,823B-G-IBP-A-2130,"Ceiling, floor and wall coating 10-18",TT_Task,,"Ceiling, Floor and Wall Coating",02-Apr-2013,10-Apr-2013,8,14-Jun-2013,21-Jun-2013,7,73,-1,-12.50,01-Oct-2016,01-Oct-2016,03-Mar-2014,03-Mar-2014,2,2
823B_As-built,823B-G-IBP-A-2010,"Blockwall 1-6",TT_Task,,"Blockwall",24-Jan-2013,06-Feb-2013,13,31-Dec-2012,11-Jan-2013,11,-24,-2,-15.38,01-Oct-2016,01-Oct-2016,03-Mar-2014,03-Mar-2014,1,7
823B_As-built,823B-G-IBP-A-2020,"Blockwall 6-10",TT_Task,,"Blockwall",30-Jan-2013,15-Feb-2013,16,12-Jan-2013,23-Jan-2013,11,-18,-5,-31.25,01-Oct-2016,01-Oct-2016,03-Mar-2014,03-Mar-2014,1,7
823B_As-built,823B-G-IBP-A-2030,"Blockwall 10-18",TT_Task,,"Blockwall",05-Feb-2013,21-Feb-2013,16,24-Jan-2013,04-Feb-2013,11,-12,-5,-31.25,01-Oct-2016,01-Oct-2016,03-Mar-2014,03-Mar-2014,1,7
823B_As-built,823B-G-IBP-A-2260,"Roof waterproofing 1-18",TT_Task,,"Roof Waterproofing",30-Jan-2013,18-Feb-2013,19,21-Dec-2012,08-Feb-2013,49,-40,30,157.89,01-Oct-2016,01-Oct-2016,17-Feb-2017,17-Feb-2017,3,2
823B_As-built,823B-G-IBP-A-2270,"Skylight 1-6",TT_Task,,"Skylight",02-Sep-2013,05-Sep-2013,3,02-Oct-2013,05-Oct-2013,3,30,0,0.00,01-Oct-2016,01-Oct-2016,17-Feb-2017,17-Feb-2017,1,4
823B_As-built,823B-G-IBP-A-2280,"Skylight 6-10",TT_Task,,"Skylight",06-Sep-2013,10-Sep-2013,4,07-Oct-2013,10-Oct-2013,3,31,-1,-25.00,01-Oct-2016,01-Oct-2016,17-Feb-2017,17-Feb-2017,1,4
823B_As-built,823B-G-IBP-A-2290,"Skylight 10-18",TT_Task,,"Skylight",11-Sep-2013,14-Sep-2013,3,11-Oct-2013,16-Oct-2013,5,30,2,66.67,01-Oct-2016,01-Oct-2016,17-Feb-2017,17-Feb-2017,1,3
823B_As-built,823B-G-IBP-A-2300,"Roof railing 1-6",TT_Task,,"Roof Railing",06-Sep-2013,19-Sep-2013,13,07-Oct-2013,21-Oct-2013,14,31,1,7.69,01-Oct-2016,01-Oct-2016,17-Feb-2017,17-Feb-2017,1,3
823B_As-built,823B-G-IBP-A-2310,"Roof railing 6-10",TT_Task,,"Roof Railing",21-Sep-2013,05-Oct-2013,14,12-Oct-2013,25-Oct-2013,13,21,-1,-7.14,01-Oct-2016,01-Oct-2016,17-Feb-2017,17-Feb-2017,2,3
823B_As-built,823B-G-IBP-A-2320,"Roof railing 10-18",TT_Task,,"Roof Railing",07-Oct-2013,21-Oct-2013,14,18-Oct-2013,31-Oct-2013,13,11,-1,-7.14,01-Oct-2016,01-Oct-2016,17-Feb-2017,17-Feb-2017,2,2
823B_As-built,823B-G-IBP-A-2200,"Door frame 1-6",TT_Task,,"Door Frame",12-Jul-2013,22-Jul-2013,10,12-Jun-2013,22-Jun-2013,10,-30,0,0.00,01-Oct-2016,01-Oct-2016,17-Feb-2017,17-Feb-2017,1,4
823B_As-built,823B-G-IBP-A-2210,"Door frame 6-10",TT_Task,,"Door Frame",15-Jul-2013,24-Jul-2013,9,17-Jun-2013,26-Jun-2013,9,-28,0,0.00,01-Oct-2016,01-Oct-2016,17-Feb-2017,17-Feb-2017,2,4
823B_As-built,823B-G-IBP-A-2220,"Door frame 10-18",TT_Task,,"Door Frame",18-Jul-2013,27-Jul-2013,9,20-Jun-2013,29-Jun-2013,9,-28,0,0.00,01-Oct-2016,01-Oct-2016,17-Feb-2017,17-Feb-2017,2,3
823B_As-built,823B-G-IBP-A-2140,"Ceiling grid 1-6",TT_Task,,"Ceiling Grid",11-Apr-2013,22-Apr-2013,11,22-Jun-2013,04-Jul-2013,12,72,1,9.09,01-Oct-2016,01-Oct-2016,03-Mar-2014,03-Mar-2014,4,5
823B_As-built,823B-G-IBP-A-2150,"Ceiling grid 6-10",TT_Task,,"Ceiling Grid",23-Apr-2013,04-May-2013,11,05-Jul-2013,16-Jul-2013,11,73,0,0.00,01-Oct-2016,01-Oct-2016,03-Mar-2014,03-Mar-2014,1,5
823B_As-built,823B-G-IBP-A-2160,"Ceiling grid 10-18",TT_Task,,"Ceiling Grid",06-May-2013,16-May-2013,10,17-Jul-2013,27-Jul-2013,10,72,0,0.00,01-Oct-2016,01-Oct-2016,03-Mar-2014,03-Mar-2014,1,4
823B_As-built,823B-G-IBP-A-2330,"Louvre and window frame 1-6",TT_Task,,"Louvre and Window Frame",10-Jun-2013,15-Jun-2013,5,10-Jun-2013,15-Jun-2013,5,0,0,0.00,01-Oct-2016,01-Oct-2016,17-Feb-2017,17-Feb-2017,2,3
823B_As-built,823B-G-IBP-A-2340,"Louvre and window frame 6-10",TT_Task,,"Louvre and Window Frame",17-Jun-2013,21-Jun-2013,4,17-Jun-2013,21-Jun-2013,4,0,0,0.00,01-Oct-2016,01-Oct-2016,17-Feb-2017,17-Feb-2017,3,3
823B_As-built,823B-G-IBP-A-2350,"Louvre and window frame 10-18",TT_Task,,"Louvre and Window Frame",22-Jun-2013,27-Jun-2013,5,22-Jun-2013,27-Jun-2013,5,0,0,0.00,01-Oct-2016,01-Oct-2016,17-Feb-2017,17-Feb-2017,3,2
823B_As-built,823B-G-IBP-A-2480,"Final fix and green roof 1-6",TT_Task,,"Final Fix and Green Roof",01-Apr-2015,21-Apr-2015,20,01-Apr-2015,05-Sep-2015,157,0,137,685.00,01-Oct-2016,01-Oct-2016,03-Mar-2014,03-Mar-2014,2,4
823B_As-built,823B-G-IBP-A-2490,"Final fix and green roof 6-10",TT_Task,,"Final Fix and Green Roof",17-Apr-2015,04-May-2015,17,17-Apr-2015,05-Sep-2015,141,0,124,729.41,01-Oct-2016,01-Oct-2016,03-Mar-2014,03-Mar-2014,2,4
823B_As-built,823B-G-IBP-A-2500,"Final fix and green roof 10-16",TT_Task,,"Final Fix and Green Roof",29-Apr-2015,15-May-2015,16,29-Apr-2015,05-Sep-2015,129,0,113,706.25,01-Oct-2016,01-Oct-2016,03-Mar-2014,03-Mar-2014,2,3
823B_As-built,823B-G-IBP-A-2080,"Floor and wall tile 1-6",TT_Task,,"Floor and Wall Tile",19-Feb-2013,23-Feb-2013,4,19-Feb-2013,23-Feb-2013,4,0,0,0.00,01-Oct-2016,01-Oct-2016,03-Mar-2014,03-Mar-2014,1,3
823B_As-built,823B-G-IBP-A-2090,"Floor and wall tile 6-10",TT_Task,,"Floor and Wall Tile",25-Feb-2013,07-Mar-2013,10,25-Feb-2013,07-Mar-2013,10,0,0,0.00,01-Oct-2016,01-Oct-2016,03-Mar-2014,03-Mar-2014,3,3
823B_As-built,823B-G-IBP-A-2100,"Floor and wall tile 10-18",TT_Task,,"Floor and Wall Tile",08-Mar-2013,12-Mar-2013,4,08-Mar-2013,12-Mar-2013,4,0,0,0.00,01-Oct-2016,01-Oct-2016,03-Mar-2014,03-Mar-2014,3,3
823B_As-built,823B-G-IBP-A-2390,"Metal canopy 1-6",TT_Task,,"Metal Canopy",07-Oct-2013,09-Oct-2013,2,02-Apr-2013,11-Apr-2013,9,-188,7,350.00,01-Oct-2016,01-Oct-2016,03-Mar-2014,03-Mar-2014,2,4
823B_As-built,823B-G-IBP-A-2400,"Metal canopy 6-10",TT_Task,,"Metal Canopy",10-Oct-2013,12-Oct-2013,2,12-Apr-2013,20-Apr-2013,8,-181,6,300.00,01-Oct-2016,01-Oct-2016,03-Mar-2014,03-Mar-2014,2,4
823B_As-built,823B-G-IBP-A-2410,"Metal canopy 10-18",TT_Task,,"Metal Canopy",15-Oct-2013,17-Oct-2013,2,22-Apr-2013,30-Apr-2013,8,-176,6,300.00,01-Oct-2016,01-Oct-2016,03-Mar-2014,03-Mar-2014,2,3
823B_As-built,823B-G-IBP-A-2040,"Wet trade 1-6",TT_Task,,"Wet Trade (Screeding, Plastering and Rendering)",07-Feb-2013,18-Feb-2013,11,07-Feb-2013,18-Feb-2013,11,0,0,0.00,01-Oct-2016,01-Oct-2016,03-Mar-2014,03-Mar-2014,1,2
823B_As-built,823B-G-IBP-A-2050,"Wet trade 6-10",TT_Task,,"Wet Trade (Screeding, Plastering and Rendering)",01-Feb-2013,18-Feb-2013,17,01-Feb-2013,18-Feb-2013,17,0,0,0.00,01-Oct-2016,01-Oct-2016,03-Mar-2014,03-Mar-2014,1,2
823B_As-built,823B-G-IBP-A-2060,"Wet trade 10-18",TT_Task,,"Wet Trade (Screeding, Plastering and Rendering)",07-Feb-2013,23-Feb-2013,16,07-Feb-2013,23-Feb-2013,16,0,0,0.00,01-Oct-2016,01-Oct-2016,03-Mar-2014,03-Mar-2014,1,2
823B_As-built,823B-G-IBP-A-2450,"Architectural fins 1-6",TT_Task,,"Architectural Fins",10-Sep-2014,17-Sep-2014,7,10-Sep-2014,09-Dec-2014,90,0,83,1185.71,01-Oct-2016,01-Oct-2016,03-Mar-2014,03-Mar-2014,1,4
823B_As-built,823B-G-IBP-A-2460,"Architectural fins 6-10",TT_Task,,"Architectural Fins",18-Sep-2014,25-Sep-2014,7,18-Sep-2014,13-Dec-2014,86,0,79,1128.57,01-Oct-2016,01-Oct-2016,03-Mar-2014,03-Mar-2014,2,4
823B_As-built,823B-G-IBP-A-2470,"Architectural fins 10-16",TT_Task,,"Architectural Fins",26-Sep-2014,06-Oct-2014,10,26-Sep-2014,18-Dec-2014,83,0,73,730.00,01-Oct-2016,01-Oct-2016,03-Mar-2014,03-Mar-2014,2,3
823B_As-built,823B-G-IBP-A-2420,"Mineral silicate paint 1-6",TT_Task,,"Mineral Silicate Paint",01-Sep-2014,08-Sep-2014,7,01-Sep-2014,04-Dec-2014,94,0,87,1242.86,01-Oct-2016,01-Oct-2016,03-Mar-2014,03-Mar-2014,2,5
823B_As-built,823B-G-IBP-A-2430,"Mineral silicate paint 6-10",TT_Task,,"Mineral Silicate Paint",10-Sep-2014,17-Sep-2014,7,10-Sep-2014,09-Dec-2014,90,0,83,1185.71,01-Oct-2016,01-Oct-2016,03-Mar-2014,03-Mar-2014,2,5
823B_As-built,823B-G-IBP-A-2440,"Mineral silicate paint 10-18",TT_Task,,"Mineral Silicate Paint",18-Sep-2014,25-Sep-2014,7,18-Sep-2014,13-Dec-2014,86,0,79,1128.57,01-Oct-2016,01-Oct-2016,03-Mar-2014,03-Mar-2014,2,4
823B_As-built,823B-G-IBP-A-2360,"Louvre and window glass 1-6",TT_Task,,"Louver and Window Glass",06-Sep-2013,19-Sep-2013,13,12-Aug-2013,24-Aug-2013,12,-25,-1,-7.69,01-Oct-2016,01-Oct-2016,03-Mar-2014,03-Mar-2014,1,6
823B_As-built,823B-G-IBP-A-2370,"Louvre and window glass 6-10",TT_Task,,"Louver and Window Glass",21-Sep-2013,05-Oct-2013,14,26-Aug-2013,07-Sep-2013,12,-26,-2,-14.29,01-Oct-2016,01-Oct-2016,03-Mar-2014,03-Mar-2014,2,5
823B_As-built,823B-G-IBP-A-2380,"Louvre and window glass 10-18",TT_Task,,"Louver and Window Glass",07-Oct-2013,21-Oct-2013,14,09-Sep-2013,16-Oct-2013,37,-28,23,164.29,01-Oct-2016,01-Oct-2016,03-Mar-2014,03-Mar-2014,2,3
823B_As-built,823B-G-IBP-B-1000,"Pipe laying (stormwater system)",TT_Task,,"Builder's Work in Connection with Services",31-Dec-2012,25-Jan-2013,25,03-Dec-2012,29-Dec-2012,26,-28,1,4.00,01-Oct-2016,01-Oct-2016,17-Feb-2017,17-Feb-2017,1,1
823B_As-built,823B-G-IBP-B-2000,"Pipe laying (foulwater system)",TT_Task,,"Builder's Work in Connection with Services",26-Jan-2013,23-Feb-2013,28,31-Dec-2012,25-Jan-2013,25,-26,-3,-10.71,01-Oct-2016,01-Oct-2016,17-Feb-2017,17-Feb-2017,1,1
823B_As-built,823B-G-IBP-B-3000,"Earthing (main earthing & lighting protection system)",TT_Task,,"Builder's Work in Connection with Services",24-Jan-2013,23-Feb-2013,30,21-Jan-2013,20-Feb-2013,30,-3,0,0.00,01-Oct-2016,01-Oct-2016,17-Feb-2017,17-Feb-2017,2,2
823B_As-built,823B-H-WPH-B-1000,"Lifting eye (8 nos.)",TT_Task,,"Builder's Work in Connection with Services",06-Mar-2013,19-Mar-2013,13,06-Mar-2013,19-Mar-2013,13,0,0,0.00,01-Oct-2016,01-Oct-2016,17-Feb-2017,17-Feb-2017,1,2
823B_As-built,823B-H-WPH-B-2000,"Pipe laying (stormwater system)",TT_Task,,"Builder's Work in Connection with Services",06-Mar-2013,28-Mar-2013,22,06-Mar-2013,28-Mar-2013,22,0,0,0.00,01-Oct-2016,01-Oct-2016,17-Feb-2017,17-Feb-2017,1,2
823B_As-built,823B-H-WPH-B-3000,"Pipe laying (foul water system)",TT_Task,,"Builder's Work in Connection with Services",02-Apr-2013,25-Apr-2013,23,02-Apr-2013,25-Apr-2013,23,0,0,0.00,01-Oct-2016,01-Oct-2016,17-Feb-2017,17-Feb-2017,1,2
823B_As-built,823B-H-WPH-B-4000,"Earthing (lighting protection system)",TT_Task,,"Builder's Work in Connection with Services",26-Apr-2013,21-May-2013,25,26-Apr-2013,21-May-2013,25,0,0,0.00,01-Oct-2016,01-Oct-2016,17-Feb-2017,17-Feb-2017,1,2
823B_As-built,823B-H-WPH-S-1010,"Excavation to foundation level (approx. +13.05)",TT_Task,,"Site Formation / Earthwork",20-Nov-2012,24-Nov-2012,4,20-Nov-2012,24-Nov-2012,4,0,0,0.00,01-Oct-2016,01-Oct-2016,02-Jun-2014,02-Jun-2014,1,1
823B_As-built,823B-H-WPH-S-1020,"Excavation for footing and trench",TT_Task,,"Site Formation / Earthwork",26-Nov-2012,27-Nov-2012,1,26-Nov-2012,27-Nov-2012,1,0,0,0.00,01-Oct-2016,01-Oct-2016,02-Jun-2014,02-Jun-2014,1,1
823B_As-built,823B-H-WPH-S-1030,"Backfilling",TT_Task,,"Site Formation / Earthwork",31-Dec-2012,02-Jan-2013,2,04-Feb-2013,05-Feb-2013,1,35,-1,-50.00,01-Oct-2016,01-Oct-2016,17-Feb-2017,17-Feb-2017,1,1
823B_As-built,823B-H-WPH-S-1040,"Footing & trench slab (18m� conc)",TT_Task,,"Site Formation / Earthwork",28-Nov-2012,13-Dec-2012,15,28-Nov-2012,17-Jan-2013,50,0,35,233.33,01-Oct-2016,01-Oct-2016,02-Jun-2014,02-Jun-2014,1,2
823B_As-built,823B-H-WPH-S-1050,"Column (below ground) and trench walls & slab (5m� conc)",TT_Task,,"Civil and Structure",14-Dec-2012,29-Dec-2012,15,10-Dec-2012,21-Jan-2013,42,-4,27,180.00,01-Oct-2016,01-Oct-2016,17-Feb-2017,17-Feb-2017,1,2
823B_As-built,823B-H-WPH-S-1060,"On-grade slab (22m� conc)",TT_Task,,"Civil and Structure",03-Jan-2013,23-Jan-2013,20,24-Dec-2012,19-Feb-2013,57,-10,37,185.00,01-Oct-2016,01-Oct-2016,17-Feb-2017,17-Feb-2017,1,2
823B_As-built,823B-H-WPH-S-1070,"Column (above ground) (5m� conc)",TT_Task,,"Civil and Structure",24-Jan-2013,06-Feb-2013,13,10-Dec-2012,02-Feb-2013,54,-45,41,315.38,01-Oct-2016,01-Oct-2016,17-Feb-2017,17-Feb-2017,1,2
823B_As-built,823B-H-WPH-S-1080,"Roof beam and slab (31m� conc)",TT_Task,,"Civil and Structure",07-Feb-2013,05-Mar-2013,26,20-Feb-2013,28-Feb-2013,8,13,-18,-69.23,01-Oct-2016,01-Oct-2016,17-Feb-2017,17-Feb-2017,1,3
823B_As-built,823B-H-WPH-S-1090,"Parapet wall (5m� conc)",TT_Task,,"Civil and Structure",06-Mar-2013,19-Mar-2013,13,25-Feb-2013,28-Feb-2013,3,-9,-10,-76.92,01-Oct-2016,01-Oct-2016,17-Feb-2017,17-Feb-2017,1,3
823B_As-built,823B-H-WPH-S-1100,"Non-load bearing R.C. walls (31m� conc)",TT_Task,,"Civil and Structure",20-Mar-2013,16-Apr-2013,27,01-Mar-2013,23-Mar-2013,22,-19,-5,-18.52,01-Oct-2016,01-Oct-2016,17-Feb-2017,17-Feb-2017,1,2
823B_As-built,823B-H-WPH-A-1030,"Floor Wet Trade",TT_Task,,"ABWF Works",11-May-2013,25-May-2013,14,11-May-2013,25-May-2013,14,0,0,0.00,01-Oct-2016,01-Oct-2016,17-Feb-2017,17-Feb-2017,1,4
823B_As-built,823B-H-WPH-A-1040,"Louvre",TT_Task,,"ABWF Works",27-May-2013,08-Jun-2013,12,02-Jul-2013,03-Sep-2013,63,36,51,425.00,01-Oct-2016,01-Oct-2016,17-Feb-2017,17-Feb-2017,1,2
823B_As-built,823B-H-WPH-A-1050,"Door Frame",TT_Task,,"ABWF Works",27-May-2013,01-Jun-2013,5,01-Jun-2013,07-Jun-2013,6,5,1,20.00,01-Oct-2016,01-Oct-2016,17-Feb-2017,17-Feb-2017,1,3
823B_As-built,823B-H-WPH-A-1060,"Door Leaf",TT_Task,,"ABWF Works",01-Sep-2014,11-Sep-2014,10,01-Sep-2014,11-Sep-2014,10,0,0,0.00,01-Oct-2016,01-Oct-2016,17-Feb-2017,17-Feb-2017,1,2
823B_As-built,823B-H-WPH-A-1070,"Roof Waterproofing",TT_Task,,"ABWF Works",20-Mar-2013,06-Apr-2013,17,25-Mar-2013,13-Apr-2013,19,5,2,11.76,01-Oct-2016,01-Oct-2016,17-Feb-2017,17-Feb-2017,1,3
823B_As-built,823B-H-WPH-A-1080,"Protection Screeding",TT_Task,,"ABWF Works",08-Apr-2013,20-Apr-2013,12,01-Jun-2013,15-Jun-2013,14,54,2,16.67,01-Oct-2016,01-Oct-2016,17-Feb-2017,17-Feb-2017,1,2
823B_As-built,823B-H-WPH-A-1010,"Blockwork",TT_Task,,"ABWF Works",17-Apr-2013,08-May-2013,21,11-Feb-2013,02-Mar-2013,19,-65,-2,-9.52,01-Oct-2016,01-Oct-2016,17-Feb-2017,17-Feb-2017,2,3
823B_As-built,823B-H-WPH-A-1020,"Waterproofing inside Room",TT_Task,,"ABWF Works",09-May-2013,15-May-2013,6,04-Mar-2013,09-Mar-2013,5,-66,-1,-16.67,01-Oct-2016,01-Oct-2016,17-Feb-2017,17-Feb-2017,1,3
823B_As-built,823B-H-SOC-S-1060,"Construct base slab + underground utilities (135m� conc)",TT_Task,,"Civil and Structure",13-Nov-2012,24-Dec-2012,41,13-Nov-2012,26-Nov-2012,13,0,-28,-68.29,01-Oct-2016,01-Oct-2016,17-Feb-2017,17-Feb-2017,1,2
823B_As-built,823B-H-SOC-S-1050,"Construt steel canopy footings (84m� conc)",TT_Task,,"Civil and Structure",15-Dec-2012,31-Dec-2012,16,29-Apr-2013,27-May-2013,28,135,12,75.00,01-Oct-2016,01-Oct-2016,17-Feb-2017,17-Feb-2017,1,5
823B_As-built,823B-H-SOC-S-1070,"Construct walls and colunms (121m� conc)",TT_Task,,"Civil and Structure",21-Nov-2012,18-Dec-2012,27,21-Nov-2012,24-Dec-2012,33,0,6,22.22,01-Oct-2016,01-Oct-2016,17-Feb-2017,17-Feb-2017,1,2
823B_As-built,823B-H-SOC-S-1090,"Construct roof beam and slabs (377m� conc)",TT_Task,,"Civil and Structure",19-Jan-2013,23-Feb-2013,35,10-Dec-2012,05-Jan-2013,26,-40,-9,-25.71,01-Oct-2016,01-Oct-2016,17-Feb-2017,17-Feb-2017,1,6
823B_As-built,823B-H-SOC-S-1080,"Mass concrete fill (293m� conc)",TT_Task,,"Civil and Structure",19-Dec-2012,18-Jan-2013,30,03-Dec-2012,15-Dec-2012,12,-16,-18,-60.00,01-Oct-2016,01-Oct-2016,17-Feb-2017,17-Feb-2017,1,2
823B_As-built,823B-H-SOC-A-1010,"Wall and Ceiling Wet Trade",TT_Task,,"ABWF Works",25-Feb-2013,16-Mar-2013,19,04-Jan-2013,24-Jan-2013,20,-52,1,5.26,01-Oct-2016,01-Oct-2016,17-Feb-2017,17-Feb-2017,2,5
823B_As-built,823B-H-SOC-A-1020,"Waterproofing inside Room",TT_Task,,"ABWF Works",18-Mar-2013,23-Mar-2013,5,25-Jan-2013,31-Jan-2013,6,-52,1,20.00,01-Oct-2016,01-Oct-2016,17-Feb-2017,17-Feb-2017,1,4
823B_As-built,823B-H-SOC-A-1030,"Floor Wet Trade",TT_Task,,"ABWF Works",25-Mar-2013,11-Apr-2013,17,01-Feb-2013,18-Feb-2013,17,-52,0,0.00,01-Oct-2016,01-Oct-2016,17-Feb-2017,17-Feb-2017,1,5
823B_As-built,823B-H-SOC-A-1040,"Window Frame",TT_Task,,"ABWF Works",12-Apr-2013,25-Apr-2013,13,01-Jun-2013,15-Jun-2013,14,50,1,7.69,01-Oct-2016,01-Oct-2016,17-Feb-2017,17-Feb-2017,1,4
823B_As-built,823B-H-SOC-A-1050,"Wall and Ceiling Paint",TT_Task,,"ABWF Works",26-Apr-2013,03-May-2013,7,17-Jun-2013,22-Jun-2013,5,52,-2,-28.57,01-Oct-2016,01-Oct-2016,17-Feb-2017,17-Feb-2017,1,3
823B_As-built,823B-H-SOC-A-1060,"Wall and Floor Tile",TT_Task,,"ABWF Works",06-Nov-2013,26-Nov-2013,20,03-Jun-2013,22-Jun-2013,19,-156,-1,-5.00,01-Oct-2016,01-Oct-2016,17-Feb-2017,17-Feb-2017,2,4
823B_As-built,823B-H-SOC-A-1070,"Ceiling Service Panel",TT_Task,,"ABWF Works",27-Nov-2013,17-Dec-2013,20,02-Jul-2013,22-Jul-2013,20,-148,0,0.00,01-Oct-2016,01-Oct-2016,17-Feb-2017,17-Feb-2017,1,3
823B_As-built,823B-H-SOC-A-1080,"Toilet Partition",TT_Task,,"ABWF Works",23-Jan-2014,15-Feb-2014,23,02-Jan-2014,22-Jan-2014,20,-21,-3,-13.04,01-Oct-2016,01-Oct-2016,17-Feb-2017,17-Feb-2017,7,3
823B_As-built,823B-H-SOC-A-1100,"Ceiling panel",TT_Task,,"ABWF Works",23-Jan-2014,15-Feb-2014,23,02-Jan-2014,22-Jan-2014,20,-21,-3,-13.04,01-Oct-2016,01-Oct-2016,17-Feb-2017,17-Feb-2017,1,2
823B_As-built,823B-H-SOC-A-1110,"Structural Steelwork for Canopy",TT_Task,,"ABWF Works",19-Feb-2013,25-Mar-2013,34,01-Jun-2013,29-Jun-2013,28,102,-6,-17.65,01-Oct-2016,01-Oct-2016,17-Feb-2017,17-Feb-2017,2,3
823B_As-built,823B-H-SOC-A-1090,"Sanitary Ware and Toilet Accessories",TT_Task,,"ABWF Works",23-Jan-2014,08-Feb-2014,16,02-Jan-2014,15-Jan-2014,13,-21,-3,-18.75,01-Oct-2016,01-Oct-2016,17-Feb-2017,17-Feb-2017,1,3
823B_As-built,823B-H-SOC-A-1120,"Roofing",TT_Task,,"ABWF Works",02-May-2014,07-Jun-2014,36,02-May-2014,09-Oct-2014,160,0,124,344.44,01-Oct-2016,01-Oct-2016,17-Feb-2017,17-Feb-2017,1,4
823B_As-built,823B-H-SOC-A-1130,"Ceiling and Cladding",TT_Task,,"ABWF Works",09-Jan-2014,15-Feb-2014,37,01-Nov-2013,30-Nov-2013,29,-69,-8,-21.62,01-Oct-2016,01-Oct-2016,17-Feb-2017,17-Feb-2017,1,2
823B_As-built,823B-H-SOC-A-1140,"Waterproofing on Outside Wall and Roofing",TT_Task,,"ABWF Works",26-Apr-2013,18-May-2013,22,07-Feb-2013,02-Mar-2013,23,-78,1,4.55,01-Oct-2016,01-Oct-2016,17-Feb-2017,17-Feb-2017,1,3
823B_As-built,823B-H-SOC-A-1150,"Protection",TT_Task,,"ABWF Works",20-May-2013,17-Jun-2013,28,25-Jul-2013,21-Aug-2013,27,66,-1,-3.57,01-Oct-2016,01-Oct-2016,17-Feb-2017,17-Feb-2017,1,3
823B_As-built,823B-H-SOC-A-1160,"Backfilling",TT_Task,,"ABWF Works",02-Mar-2015,31-Mar-2015,29,02-Mar-2015,25-Apr-2015,54,0,25,86.21,01-Oct-2016,01-Oct-2016,17-Feb-2017,17-Feb-2017,1,2
823B_As-built,823B-H-SOC-B-2000,"Pipe laying (stormwater system)",TT_Task,,"Builder's Work in Connection with Services",25-Feb-2013,25-Apr-2013,59,07-Jan-2013,05-Mar-2013,57,-49,-2,-3.39,01-Oct-2016,01-Oct-2016,17-Feb-2017,17-Feb-2017,1,2
823B_As-built,823B-H-SOC-B-3000,"Pipe laying (foulwater system)",TT_Task,,"Builder's Work in Connection with Services",11-Mar-2013,10-May-2013,60,21-Jan-2013,20-Mar-2013,58,-49,-2,-3.33,01-Oct-2016,01-Oct-2016,17-Feb-2017,17-Feb-2017,1,3
823B_As-built,823B-H-SOC-B-4000,"Earthing (lighting protection system)",TT_Task,,"Builder's Work in Connection with Services",25-Mar-2013,25-May-2013,61,04-Feb-2013,08-Apr-2013,63,-49,2,3.28,01-Oct-2016,01-Oct-2016,17-Feb-2017,17-Feb-2017,1,2
823B_As-built,823B-H-SOC-S-1010,"Excavation to formation level (1,130m�)",TT_Task,,"Site Formation / Earthwork",09-Nov-2012,17-Nov-2012,8,09-Nov-2012,17-Nov-2012,8,0,0,0.00,01-Oct-2016,01-Oct-2016,02-Jun-2014,02-Jun-2014,1,2
823B_As-built,823B-H-SOC-S-1020,"Excavation for steel canopy footing (927m�)",TT_Task,,"Site Formation / Earthwork",01-Dec-2012,07-Dec-2012,6,17-Apr-2013,27-Apr-2013,10,137,4,66.67,01-Oct-2016,01-Oct-2016,02-Jun-2014,02-Jun-2014,1,2
823B_As-built,823B-H-SOC-S-1030,"Backfilling to steel canopy footing (844m�)",TT_Task,,"Site Formation / Earthwork",02-Jan-2013,08-Jan-2013,6,02-Jul-2013,08-Jul-2013,6,181,0,0.00,01-Oct-2016,01-Oct-2016,17-Feb-2017,17-Feb-2017,1,1
823B_As-built,823B-H-SOC-S-1040,"Filter layer and formation of earth mound",TT_Task,,"Site Formation / Earthwork",09-Mar-2015,28-Mar-2015,19,09-Mar-2015,28-Mar-2015,19,0,0,0.00,01-Oct-2016,01-Oct-2016,17-Feb-2017,17-Feb-2017,2,1
823B_As-built,823B-H-SLS-B-2000,"Pipe laying (stormwater system)",TT_Task,,"Builder's Work in Connection with Services",04-Mar-2013,23-Apr-2013,50,02-Apr-2013,21-May-2013,49,29,-1,-2.00,01-Oct-2016,01-Oct-2016,17-Feb-2017,17-Feb-2017,1,2
823B_As-built,823B-H-SLS-B-3000,"Pipe laying (foulwater system)",TT_Task,,"Builder's Work in Connection with Services",18-Mar-2013,08-May-2013,51,17-Apr-2013,04-Jun-2013,48,30,-3,-5.88,01-Oct-2016,01-Oct-2016,17-Feb-2017,17-Feb-2017,1,1
823B_As-built,823B-H-SLS-B-4000,"Earthing (lighting protection system)",TT_Task,,"Builder's Work in Connection with Services",05-Apr-2013,23-May-2013,48,02-May-2013,19-Jun-2013,48,27,0,0.00,01-Oct-2016,01-Oct-2016,17-Feb-2017,17-Feb-2017,1,1
823B_As-built,823B-H-SLS-A-1010,"Blockwall",TT_Task,,"ABWF Works",03-Apr-2013,17-Apr-2013,14,03-Apr-2013,17-Apr-2013,14,0,0,0.00,01-Oct-2016,01-Oct-2016,17-Feb-2017,17-Feb-2017,2,3
823B_As-built,823B-H-SLS-A-1020,"Door frame",TT_Task,,"ABWF Works",08-Apr-2013,20-Apr-2013,12,08-Apr-2013,20-Apr-2013,12,0,0,0.00,01-Oct-2016,01-Oct-2016,17-Feb-2017,17-Feb-2017,1,3
823B_As-built,823B-H-SLS-A-1030,"Wall Wet Trade",TT_Task,,"ABWF Works",12-Apr-2013,03-May-2013,21,12-Apr-2013,03-May-2013,21,0,0,0.00,01-Oct-2016,01-Oct-2016,17-Feb-2017,17-Feb-2017,2,3
823B_As-built,823B-H-SLS-A-1040,"Floor Wet Trade",TT_Task,,"ABWF Works",17-Apr-2013,08-May-2013,21,17-Apr-2013,08-May-2013,21,0,0,0.00,01-Oct-2016,01-Oct-2016,17-Feb-2017,17-Feb-2017,1,2
823B_As-built,823B-H-SLS-A-1050,"Louvre and Window Frame",TT_Task,,"ABWF Works",25-Mar-2013,18-Apr-2013,24,01-Jun-2013,17-Jun-2013,16,68,-8,-33.33,01-Oct-2016,01-Oct-2016,30-Jun-2014,30-Jun-2014,1,2
823B_As-built,823B-H-SLS-A-1060,"Metal work (Catladder, railing�)",TT_Task,,"ABWF Works",25-Mar-2013,18-Apr-2013,24,01-Jun-2013,22-Jun-2013,21,68,-3,-12.50,01-Oct-2016,01-Oct-2016,17-Feb-2017,17-Feb-2017,1,1
823B_As-built,823B-H-SLS-A-1070,"Wall and Ceiling Coating",TT_Task,,"ABWF Works",18-Apr-2013,16-May-2013,28,01-Jun-2013,29-Jun-2013,28,44,0,0.00,01-Oct-2016,01-Oct-2016,17-Feb-2017,17-Feb-2017,1,1
823B_As-built,823B-H-SLS-A-1080,"Roof Skylight",TT_Task,,"ABWF Works",04-Mar-2013,08-Apr-2013,35,01-Jun-2013,04-Jul-2013,33,89,-2,-5.71,01-Oct-2016,01-Oct-2016,17-Feb-2017,17-Feb-2017,2,2
823B_As-built,823B-H-SLS-A-1090,"Roof Waterproofing",TT_Task,,"ABWF Works",09-Apr-2013,10-May-2013,31,01-Jun-2013,29-Jun-2013,28,53,-3,-9.68,01-Oct-2016,01-Oct-2016,17-Feb-2017,17-Feb-2017,3,1
823B_As-built,823B-H-SLS-A-1100,"Window Glasses",TT_Task,,"ABWF Works",19-Apr-2013,18-May-2013,29,02-Sep-2013,30-Sep-2013,28,136,-1,-3.45,01-Oct-2016,01-Oct-2016,30-Jun-2014,30-Jun-2014,1,2
823B_As-built,823B-H-SLS-A-1110,"External Wall Paint",TT_Task,,"ABWF Works",03-Oct-2014,06-Nov-2014,34,03-Oct-2014,30-Oct-2014,27,0,-7,-20.59,01-Oct-2016,01-Oct-2016,30-Jun-2014,30-Jun-2014,1,2
823B_As-built,823B-H-SLS-A-1120,"Architectural Pin",TT_Task,,"ABWF Works",01-Dec-2014,07-Jan-2015,37,01-Dec-2014,31-Dec-2014,30,0,-7,-18.92,01-Oct-2016,01-Oct-2016,30-Jun-2014,30-Jun-2014,1,2
823B_As-built,823B-H-SLS-A-1130,"Door Leaf",TT_Task,,"ABWF Works",03-Oct-2014,14-Nov-2014,42,03-Oct-2014,30-Oct-2014,27,0,-15,-35.71,01-Oct-2016,01-Oct-2016,17-Feb-2017,17-Feb-2017,1,1
823B_As-built,823B-H-SLS-A-1140,"Wall and Floor Tile",TT_Task,,"ABWF Works",12-Aug-2013,07-Sep-2013,26,12-Aug-2013,07-Sep-2013,26,0,0,0.00,01-Oct-2016,01-Oct-2016,17-Feb-2017,17-Feb-2017,2,1
823B_As-built,823B-H-SLS-S-1030,"GL1-6 (142m� conc)",TT_Task,,"Footing",10-Oct-2012,31-Oct-2012,21,10-Oct-2012,31-Oct-2012,21,0,0,0.00,01-Oct-2016,01-Oct-2016,02-Jun-2014,02-Jun-2014,1,1
823B_As-built,823B-H-SLS-S-1040,"GL7-12 (142m� conc)",TT_Task,,"Footing",01-Nov-2012,21-Nov-2012,20,01-Nov-2012,21-Nov-2012,20,0,0,0.00,01-Oct-2016,01-Oct-2016,02-Jun-2014,02-Jun-2014,1,1
823B_As-built,823B-H-SLS-S-1110,"GL1-6 (219m� conc)",TT_Task,,"Ground floor slab",17-Dec-2012,07-Jan-2013,21,05-Dec-2012,22-Dec-2012,17,-12,-4,-19.05,01-Oct-2016,01-Oct-2016,02-Jun-2014,02-Jun-2014,1,1
823B_As-built,823B-H-SLS-S-1120,"GL7-12 (201m� conc)",TT_Task,,"Ground floor slab",17-Dec-2012,05-Jan-2013,19,05-Dec-2012,22-Dec-2012,17,-12,-2,-10.53,01-Oct-2016,01-Oct-2016,02-Jun-2014,02-Jun-2014,1,1
823B_As-built,823B-H-SLS-S-1130,"GL1-6 (200m� conc)",TT_Task,,"Concrete wall to roof",08-Jan-2013,02-Feb-2013,25,17-Dec-2012,23-Mar-2013,96,-22,71,284.00,01-Oct-2016,01-Oct-2016,02-Jun-2014,02-Jun-2014,1,1
823B_As-built,823B-H-SLS-S-1140,"GL7-12 (178m� conc)",TT_Task,,"Concrete wall to roof",07-Jan-2013,02-Feb-2013,26,17-Dec-2012,23-Mar-2013,96,-21,70,269.23,01-Oct-2016,01-Oct-2016,02-Jun-2014,02-Jun-2014,1,1
823B_As-built,823B-H-SLS-S-1150,"GL1-6 (198m� conc)",TT_Task,,"Roof Slab",04-Feb-2013,02-Mar-2013,26,14-Jan-2013,28-Mar-2013,73,-21,47,180.77,01-Oct-2016,01-Oct-2016,02-Jun-2014,02-Jun-2014,1,7
823B_As-built,823B-H-SLS-S-1160,"GL7-12 (198m� conc)",TT_Task,,"Roof Slab",04-Feb-2013,02-Mar-2013,26,14-Jan-2013,28-Mar-2013,73,-21,47,180.77,01-Oct-2016,01-Oct-2016,02-Jun-2014,02-Jun-2014,1,6
823B_As-built,823B-H-SLS-S-1050,"GL1-6 (77m� conc)",TT_Task,,"Full height column",29-Oct-2012,07-Dec-2012,39,29-Oct-2012,09-Feb-2013,103,0,64,164.10,01-Oct-2016,01-Oct-2016,02-Jun-2014,02-Jun-2014,1,1
823B_As-built,823B-H-SLS-S-1060,"GL7-12 (77m� conc)",TT_Task,,"Full height column",29-Oct-2012,07-Dec-2012,39,29-Oct-2012,09-Feb-2013,103,0,64,164.10,01-Oct-2016,01-Oct-2016,02-Jun-2014,02-Jun-2014,1,1
823B_As-built,823B-H-SLS-S-1070,"GL1-6 (27m� conc)",TT_Task,,"Basement wall up to ground level",29-Oct-2012,10-Nov-2012,12,29-Oct-2012,10-Nov-2012,12,0,0,0.00,01-Oct-2016,01-Oct-2016,02-Jun-2014,02-Jun-2014,1,1
823B_As-built,823B-H-SLS-S-1080,"GL7-12 (15m� conc)",TT_Task,,"Basement wall up to ground level",12-Nov-2012,24-Nov-2012,12,12-Nov-2012,24-Nov-2012,12,0,0,0.00,01-Oct-2016,01-Oct-2016,02-Jun-2014,02-Jun-2014,1,1
823B_As-built,823B-H-SLS-S-1090,"GL1-6",TT_Task,,"Backfill and underground service",19-Nov-2012,15-Dec-2012,26,19-Nov-2012,15-Dec-2012,26,0,0,0.00,01-Oct-2016,01-Oct-2016,02-Jun-2014,02-Jun-2014,1,1
823B_As-built,823B-H-SLS-S-1100,"GL7-12",TT_Task,,"Backfill and underground service",19-Nov-2012,15-Dec-2012,26,19-Nov-2012,15-Dec-2012,26,0,0,0.00,01-Oct-2016,01-Oct-2016,02-Jun-2014,02-Jun-2014,1,2
823B_As-built,823B-H-SLS-S-1010,"GL1-6 (487m�)",TT_Task,,"Footing excavation",24-Sep-2012,29-Sep-2012,5,24-Sep-2012,29-Sep-2012,5,0,0,0.00,01-Oct-2016,01-Oct-2016,02-Jun-2014,02-Jun-2014,1,3
823B_As-built,823B-H-SLS-S-1020,"GL7-12 (487m�)",TT_Task,,"Footing excavation",03-Oct-2012,09-Oct-2012,6,03-Oct-2012,09-Oct-2012,6,0,0,0.00,01-Oct-2016,01-Oct-2016,02-Jun-2014,02-Jun-2014,1,1
823B_As-built,823B-H-RSP-2010,"Corrugated Metal Roof",TT_Task,,"ABWF Works",02-Mar-2015,08-Jun-2015,98,02-Mar-2015,31-Mar-2015,29,0,-69,-70.41,01-Oct-2016,01-Oct-2016,30-Jun-2014,30-Jun-2014,3,4
823B_As-built,823B-H-RSP-1060,"Strip footing (S&C storage assembly) (198m� conc)",TT_Task,,"Civil and Structure",08-Dec-2012,08-Jan-2013,31,21-Jan-2013,05-Sep-2013,227,44,196,632.26,01-Oct-2016,01-Oct-2016,02-Jun-2014,02-Jun-2014,1,4
823B_As-built,823B-H-RSP-1070,"On-grade slab (254m� conc)",TT_Task,,"Civil and Structure",09-Jan-2013,29-Jan-2013,20,06-Sep-2013,26-Sep-2013,20,240,0,0.00,01-Oct-2016,01-Oct-2016,30-Jun-2014,30-Jun-2014,1,2
823B_As-built,823B-H-RSP-1080,"Footing (Short Rail Stillage) (45m� conc)",TT_Task,,"Civil and Structure",06-Feb-2013,25-Feb-2013,19,28-Jan-2013,31-Aug-2013,215,-9,196,1031.58,01-Oct-2016,01-Oct-2016,17-Feb-2017,17-Feb-2017,1,1
823B_As-built,823B-H-RSP-1090,"Plinths (7m� conc)",TT_Task,,"Civil and Structure",26-Feb-2013,08-Mar-2013,10,25-Feb-2013,02-Sep-2013,189,-1,179,1790.00,01-Oct-2016,01-Oct-2016,17-Feb-2017,17-Feb-2017,1,1
823B_As-built,823B-H-RSP-1100,"On-grade slab (136m� conc)",TT_Task,,"Civil and Structure",26-Feb-2013,25-Mar-2013,27,06-Sep-2013,24-Sep-2013,18,192,-9,-33.33,01-Oct-2016,01-Oct-2016,17-Feb-2017,17-Feb-2017,1,2
823B_As-built,823B-H-RSP-1110,"Dwarft walls (8m� conc)",TT_Task,,"Civil and Structure",26-Mar-2013,05-Apr-2013,10,23-Sep-2013,28-Sep-2013,5,181,-5,-50.00,01-Oct-2016,01-Oct-2016,17-Feb-2017,17-Feb-2017,1,2
823B_As-built,823B-H-RSP-1120,"Steel columns & beams",TT_Task,,"Civil and Structure",01-Aug-2014,02-Sep-2014,32,04-Aug-2014,06-Sep-2014,33,3,1,3.13,01-Oct-2016,01-Oct-2016,30-Jun-2014,30-Jun-2014,1,2
823B_As-built,823B-H-RSP-1130,"Strip footing (FBW Rail Stillage) (39m� conc)",TT_Task,,"Civil and Structure",16-Feb-2013,01-Mar-2013,13,04-Feb-2013,01-Jun-2013,117,-12,104,800.00,01-Oct-2016,01-Oct-2016,30-Jun-2014,30-Jun-2014,1,3
823B_As-built,823B-H-RSP-1140,"Column/wall (44m� conc)",TT_Task,,"Civil and Structure",02-Mar-2013,22-Mar-2013,20,21-Feb-2013,20-Jun-2013,119,-9,99,495.00,01-Oct-2016,01-Oct-2016,30-Jun-2014,30-Jun-2014,1,1
823B_As-built,823B-H-RSP-1150,"Slabs (152m� conc)",TT_Task,,"Civil and Structure",23-Mar-2013,24-Apr-2013,32,01-Aug-2013,31-Aug-2013,30,131,-2,-6.25,01-Oct-2016,01-Oct-2016,30-Jun-2014,30-Jun-2014,1,2
823B_As-built,823B-H-RSP-1160,"Steel columns & beams",TT_Task,,"Civil and Structure",03-Sep-2014,10-Oct-2014,37,04-Aug-2014,15-Sep-2014,42,-30,5,13.51,01-Oct-2016,01-Oct-2016,30-Jun-2014,30-Jun-2014,2,3
823B_As-built,823B-H-RSP-1170,"Strip footing & footings (Long Rail Stillage) (183m� conc)",TT_Task,,"Civil and Structure",02-Mar-2013,02-Apr-2013,31,18-Feb-2013,01-Jun-2013,103,-12,72,232.26,01-Oct-2016,01-Oct-2016,30-Jun-2014,30-Jun-2014,2,2
823B_As-built,823B-H-RSP-1180,"Column/wall & plinths (185m� conc)",TT_Task,,"Civil and Structure",16-Mar-2013,09-May-2013,54,25-Feb-2013,22-Jun-2013,117,-19,63,116.67,01-Oct-2016,01-Oct-2016,30-Jun-2014,30-Jun-2014,1,1
823B_As-built,823B-H-RSP-1190,"Slab (237m� conc)",TT_Task,,"Civil and Structure",17-Apr-2013,25-May-2013,38,08-Jul-2013,31-Aug-2013,54,82,16,42.11,01-Oct-2016,01-Oct-2016,30-Jun-2014,30-Jun-2014,1,3
823B_As-built,823B-H-RSP-1200,"Steel columns & beams",TT_Task,,"Civil and Structure",11-Oct-2014,07-Nov-2014,27,04-Aug-2014,20-Sep-2014,47,-68,20,74.07,01-Oct-2016,01-Oct-2016,30-Jun-2014,30-Jun-2014,2,2
823B_As-built,823B-H-RSP-1010,"Excavation to foundation level (S&C Storage Assembly) (429m�)",TT_Task,,"Site Formation / Earthworks",01-Dec-2012,07-Dec-2012,6,14-Jan-2013,19-Jan-2013,5,44,-1,-16.67,01-Oct-2016,01-Oct-2016,02-Jun-2014,02-Jun-2014,1,2
823B_As-built,823B-H-RSP-1020,"Excavation to foundation level (Short Rail Stillage) (327m�)",TT_Task,,"Site Formation / Earthworks",30-Jan-2013,05-Feb-2013,6,21-Jan-2013,26-Jan-2013,5,-9,-1,-16.67,01-Oct-2016,01-Oct-2016,30-Jun-2014,30-Jun-2014,2,2
823B_As-built,823B-H-RSP-1030,"Excavation to foundation level (FBW Rail Stillage) (243m�)",TT_Task,,"Site Formation / Earthworks",06-Feb-2013,15-Feb-2013,9,28-Jan-2013,02-Feb-2013,5,-9,-4,-44.44,01-Oct-2016,01-Oct-2016,30-Jun-2014,30-Jun-2014,1,2
823B_As-built,823B-H-RSP-1040,"Excavation to foundation level (Long Rail Stillage) (1,140m�)",TT_Task,,"Site Formation / Earthworks",06-Feb-2013,22-Feb-2013,16,04-Feb-2013,16-Feb-2013,12,-2,-4,-25.00,01-Oct-2016,01-Oct-2016,30-Jun-2014,30-Jun-2014,1,1
823B_As-built,823B-H-RSP-1050,"Sub-ballast / track bed for Rail Stillage & FBW Steel Portal, S&C Assembly Storage and Loco Shed",TT_Task,,"Site Formation / Earthworks",06-Apr-2013,20-May-2013,44,22-Jul-2013,31-Aug-2013,40,107,-4,-9.09,01-Oct-2016,01-Oct-2016,17-Feb-2017,17-Feb-2017,1,2
823B_As-built,823B-H-DGS-S-1030,"Footing (46m� conc)",TT_Task,,"Civil and Structure",03-Oct-2012,13-Oct-2012,10,03-Oct-2012,13-Oct-2012,10,0,0,0.00,01-Oct-2016,01-Oct-2016,02-Jun-2014,02-Jun-2014,1,2
823B_As-built,823B-H-DGS-S-1040,"Column (below ground) (7m� conc)",TT_Task,,"Civil and Structure",06-Oct-2012,13-Oct-2012,7,06-Oct-2012,13-Oct-2012,7,0,0,0.00,01-Oct-2016,01-Oct-2016,02-Jun-2014,02-Jun-2014,1,2
823B_As-built,823B-H-DGS-S-1050,"On-grade slab (54m� conc)",TT_Task,,"Civil and Structure",22-Oct-2012,19-Nov-2012,28,22-Oct-2012,19-Nov-2012,28,0,0,0.00,01-Oct-2016,01-Oct-2016,02-Jun-2014,02-Jun-2014,1,2
823B_As-built,823B-H-DGS-S-1060,"Column (above ground) (15m� conc)",TT_Task,,"Civil and Structure",15-Oct-2012,22-Oct-2012,7,15-Oct-2012,22-Oct-2012,7,0,0,0.00,01-Oct-2016,01-Oct-2016,02-Jun-2014,02-Jun-2014,1,2
823B_As-built,823B-H-DGS-S-1070,"Roof beam & slab (96m� conc)",TT_Task,,"Civil and Structure",19-Nov-2012,02-Jan-2013,44,19-Nov-2012,03-Dec-2012,14,0,-30,-68.18,01-Oct-2016,01-Oct-2016,02-Jun-2014,02-Jun-2014,1,4
823B_As-built,823B-H-DGS-S-1080,"Parapet wall (8m� conc)",TT_Task,,"Civil and Structure",03-Jan-2013,23-Jan-2013,20,04-Dec-2012,08-Dec-2012,4,-30,-16,-80.00,01-Oct-2016,01-Oct-2016,02-Jun-2014,02-Jun-2014,1,5
823B_As-built,823B-H-DGS-S-1090,"Non-load bearing R.C. walls (104m� conc)",TT_Task,,"Civil and Structure",19-Nov-2012,13-Dec-2012,24,19-Nov-2012,03-Dec-2012,14,0,-10,-41.67,01-Oct-2016,01-Oct-2016,02-Jun-2014,02-Jun-2014,1,7
823B_As-built,823B-H-DGS-S-1010,"Excavation for footing foundation (800m�)",TT_Task,,"Site Formation / Earthwork",28-Sep-2012,06-Oct-2012,8,28-Sep-2012,06-Oct-2012,8,0,0,0.00,01-Oct-2016,01-Oct-2016,02-Jun-2014,02-Jun-2014,1,1
823B_As-built,823B-H-DGS-S-1020,"Backfilling (740m�)",TT_Task,,"Site Formation / Earthwork",15-Oct-2012,20-Oct-2012,5,15-Oct-2012,20-Oct-2012,5,0,0,0.00,01-Oct-2016,01-Oct-2016,02-Jun-2014,02-Jun-2014,1,1
823B_As-built,823B-H-DGS-A-1010,"Blockwall",TT_Task,,"ABWF Works",24-Jan-2013,23-Feb-2013,30,24-Jan-2013,23-Feb-2013,30,0,0,0.00,01-Oct-2016,01-Oct-2016,02-Jun-2014,02-Jun-2014,4,6
823B_As-built,823B-H-DGS-A-1020,"Wall and Ceiling Wet Trade",TT_Task,,"ABWF Works",25-Feb-2013,23-Mar-2013,26,24-Jan-2013,23-Feb-2013,30,-32,4,15.38,01-Oct-2016,01-Oct-2016,02-Jun-2014,02-Jun-2014,1,4
823B_As-built,823B-H-DGS-A-1030,"Internal Floor Waterproofing",TT_Task,,"ABWF Works",25-Mar-2013,25-Apr-2013,31,24-Jan-2013,23-Feb-2013,30,-60,-1,-3.23,01-Oct-2016,01-Oct-2016,02-Jun-2014,02-Jun-2014,2,4
823B_As-built,823B-H-DGS-A-1110,"Waterproofing (Roof)",TT_Task,,"ABWF Works",24-Jan-2013,06-Feb-2013,13,24-Jan-2013,06-Feb-2013,13,0,0,0.00,01-Oct-2016,01-Oct-2016,02-Jun-2014,02-Jun-2014,2,4
823B_As-built,823B-H-DGS-A-1120,"Protetion Screeding",TT_Task,,"ABWF Works",07-Feb-2013,23-Feb-2013,16,07-Feb-2013,23-Feb-2013,16,0,0,0.00,01-Oct-2016,01-Oct-2016,02-Jun-2014,02-Jun-2014,1,3
823B_As-built,823B-H-DGS-A-1040,"Floor Wet Trade",TT_Task,,"ABWF Works",26-Apr-2013,25-May-2013,29,24-Jan-2013,23-Feb-2013,30,-92,1,3.45,01-Oct-2016,01-Oct-2016,02-Jun-2014,02-Jun-2014,1,4
823B_As-built,823B-H-DGS-A-1050,"Wall Tile",TT_Task,,"ABWF Works",27-May-2013,24-Jun-2013,28,01-Jun-2013,29-Jun-2013,28,5,0,0.00,01-Oct-2016,01-Oct-2016,02-Jun-2014,02-Jun-2014,1,6
823B_As-built,823B-H-DGS-A-1060,"Door Frame",TT_Task,,"ABWF Works",05-Oct-2013,30-Nov-2013,56,06-May-2013,29-Jun-2013,54,-152,-2,-3.57,01-Oct-2016,01-Oct-2016,02-Jun-2014,02-Jun-2014,2,4
823B_As-built,823B-H-DGS-A-1070,"Louvre",TT_Task,,"ABWF Works",25-Jun-2013,16-Jul-2013,21,10-Jun-2013,29-Jun-2013,19,-15,-2,-9.52,01-Oct-2016,01-Oct-2016,02-Jun-2014,02-Jun-2014,2,4
823B_As-built,823B-H-DGS-A-1080,"Wall and Ceiling Painting",TT_Task,,"ABWF Works",17-Jul-2013,30-Jul-2013,13,17-Jun-2013,29-Jun-2013,12,-30,-1,-7.69,01-Oct-2016,01-Oct-2016,02-Jun-2014,02-Jun-2014,2,3
823B_As-built,823B-H-DGS-A-1090,"Door Leaf",TT_Task,,"ABWF Works",01-Sep-2014,19-Sep-2014,18,01-Sep-2014,19-Sep-2014,18,0,0,0.00,01-Oct-2016,01-Oct-2016,02-Jun-2014,02-Jun-2014,1,3
823B_As-built,823B-H-DGS-A-1100,"Metal Work",TT_Task,,"ABWF Works",25-Jun-2013,09-Jul-2013,14,07-Feb-2013,23-Feb-2013,16,-138,2,14.29,01-Oct-2016,01-Oct-2016,02-Jun-2014,02-Jun-2014,2,3
823B_As-built,823B-H-DGS-B-2000,"Pipe laying (stormwater system)",TT_Task,,"Builder's Work in Connection with Services",24-Jan-2013,25-Apr-2013,91,10-Dec-2012,08-Mar-2013,88,-45,-3,-3.30,01-Oct-2016,01-Oct-2016,17-Feb-2017,17-Feb-2017,1,2
823B_As-built,823B-H-DGS-B-2010,"Earthing (lighting protection system)",TT_Task,,"Builder's Work in Connection with Services",26-Apr-2013,23-Jul-2013,88,09-Mar-2013,07-Jun-2013,90,-48,2,2.27,01-Oct-2016,01-Oct-2016,17-Feb-2017,17-Feb-2017,2,1
823B_As-built,823B-H-DFS-A-2010,"Galvanised corrugated steel metal roof",TT_Task,,"ABWF Works",01-Dec-2014,13-Dec-2014,12,01-Dec-2014,13-Dec-2014,12,0,0,0.00,01-Oct-2016,01-Oct-2016,02-Jun-2014,02-Jun-2014,7,4
823B_As-built,823B-H-DFS-S-1010,"Excavation to formation level (75m�)",TT_Task,,"Site Formation / Earthwork",04-Mar-2013,05-Mar-2013,1,31-Dec-2012,31-Dec-2012,,-63,,,01-Oct-2016,01-Oct-2016,02-Jun-2014,02-Jun-2014,2,2
823B_As-built,823B-H-DFS-S-1020,"Excavation for trench and underground fuel tank (173m�)",TT_Task,,"Site Formation / Earthwork",06-Mar-2013,07-Mar-2013,1,02-Jan-2013,03-Jan-2013,1,-63,0,0.00,01-Oct-2016,01-Oct-2016,02-Jun-2014,02-Jun-2014,1,1
823B_As-built,823B-H-DFS-S-1030,"Construct trench for underground tank (89m� conc)",TT_Task,,"Civil and Structure",15-Mar-2013,16-Apr-2013,32,04-Jan-2013,05-Jun-2013,152,-70,120,375.00,01-Oct-2016,01-Oct-2016,02-Jun-2014,02-Jun-2014,1,4
823B_As-built,823B-H-DFS-S-1040,"Construct ground slab (10m� conc)",TT_Task,,"Civil and Structure",17-Apr-2013,30-Apr-2013,13,11-Jul-2013,24-Jul-2013,13,85,0,0.00,01-Oct-2016,01-Oct-2016,02-Jun-2014,02-Jun-2014,2,4
823B_As-built,823B-H-DFS-S-1060,"Structural steel columns and beams",TT_Task,,"Civil and Structure",16-May-2013,30-May-2013,14,26-Jul-2013,24-Aug-2013,29,71,15,107.14,01-Oct-2016,01-Oct-2016,02-Jun-2014,02-Jun-2014,1,5
823B_As-built,823B-H-DFS-S-1080,"Surface channel with cast iron cover",TT_Task,,"Civil and Structure",15-Jun-2013,28-Jun-2013,13,01-Nov-2013,14-Nov-2013,13,139,0,0.00,01-Oct-2016,01-Oct-2016,02-Jun-2014,02-Jun-2014,1,4
823B_As-built,823B-H-DFS-S-1050,"Waterproofing",TT_Task,,"Civil and Structure",02-May-2013,15-May-2013,13,01-Aug-2013,14-Aug-2013,13,91,0,0.00,01-Oct-2016,01-Oct-2016,02-Jun-2014,02-Jun-2014,1,5
823B_As-built,823B-H-DFS-S-1070,"Painting structural steel",TT_Task,,"Civil and Structure",31-May-2013,14-Jun-2013,14,26-Aug-2013,07-Sep-2013,12,87,-2,-14.29,01-Oct-2016,01-Oct-2016,02-Jun-2014,02-Jun-2014,1,5
823B_As-built,823B-H-SHK-Z2-1010,"Excavation (GL5-6/A-E)",TT_Task,,"Zone 2 (GL3-4/A-E)",01-Aug-2012,01-Aug-2012,0,01-Aug-2012,01-Aug-2012,,0,,,01-Oct-2016,01-Oct-2016,30-Jun-2014,30-Jun-2014,1,1
823B_As-built,823B-H-SHK-Z2-1020,"Grill holes and install electrode",TT_Task,,"Zone 2 (GL3-4/A-E)",02-Aug-2012,04-Aug-2012,2,02-Aug-2012,04-Aug-2012,2,0,0,0.00,01-Oct-2016,01-Oct-2016,30-Jun-2014,30-Jun-2014,1,1
823B_As-built,823B-H-SHK-Z2-1030,"Excavation Earth and Trench",TT_Task,,"Zone 2 (GL3-4/A-E)",06-Aug-2012,06-Aug-2012,0,06-Aug-2012,06-Aug-2012,,0,,,01-Oct-2016,01-Oct-2016,30-Jun-2014,30-Jun-2014,1,1
823B_As-built,823B-H-SHK-Z2-1040,"Install Earth Conductor",TT_Task,,"Zone 2 (GL3-4/A-E)",07-Aug-2012,07-Aug-2012,0,07-Aug-2012,07-Aug-2012,,0,,,01-Oct-2016,01-Oct-2016,30-Jun-2014,30-Jun-2014,1,1
823B_As-built,823B-H-SHK-Z2-1050,"Soil Backfill Trench",TT_Task,,"Zone 2 (GL3-4/A-E)",08-Aug-2012,08-Aug-2012,0,08-Aug-2012,08-Aug-2012,,0,,,01-Oct-2016,01-Oct-2016,30-Jun-2014,30-Jun-2014,1,1
823B_As-built,823B-H-SHK-Z2-1060,"Resistant Test",TT_Task,,"Zone 2 (GL3-4/A-E)",09-Aug-2012,09-Aug-2012,0,09-Aug-2012,09-Aug-2012,,0,,,01-Oct-2016,01-Oct-2016,30-Jun-2014,30-Jun-2014,1,1
823B_As-built,823B-H-SHK-Z2-1070,"Blinding Layer (GL3-6/A-E)",TT_Task,,"Zone 2 (GL3-4/A-E)",10-Aug-2012,11-Aug-2012,1,10-Aug-2012,11-Aug-2012,1,0,0,0.00,01-Oct-2016,01-Oct-2016,30-Jun-2014,30-Jun-2014,1,1
823B_As-built,823B-H-SHK-Z2-1080,"Erecting Footing Formwork (GL3-5/A-E)",TT_Task,,"Zone 2 (GL3-4/A-E)",13-Aug-2012,15-Aug-2012,2,13-Aug-2012,15-Aug-2012,2,0,0,0.00,01-Oct-2016,01-Oct-2016,30-Jun-2014,30-Jun-2014,1,1
823B_As-built,823B-H-SHK-Z2-1090,"Steel Fixing Footing",TT_Task,,"Zone 2 (GL3-4/A-E)",18-Aug-2012,22-Aug-2012,4,18-Aug-2012,22-Aug-2012,4,0,0,0.00,01-Oct-2016,01-Oct-2016,30-Jun-2014,30-Jun-2014,1,1
823B_As-built,823B-H-SHK-Z2-1100,"Concrete Footing",TT_Task,,"Zone 2 (GL3-4/A-E)",23-Aug-2012,23-Aug-2012,0,23-Aug-2012,23-Aug-2012,,0,,,01-Oct-2016,01-Oct-2016,30-Jun-2014,30-Jun-2014,1,1
823B_As-built,823B-H-SHK-Z2-1110,"Dismantle Footing formwork",TT_Task,,"Zone 2 (GL3-4/A-E)",24-Aug-2012,24-Aug-2012,0,24-Aug-2012,24-Aug-2012,,0,,,01-Oct-2016,01-Oct-2016,30-Jun-2014,30-Jun-2014,1,1
823B_As-built,823B-H-SHK-Z2-1120,"Steel Fixing Full Heigh column",TT_Task,,"Zone 2 (GL3-4/A-E)",27-Aug-2012,01-Sep-2012,5,27-Aug-2012,01-Sep-2012,5,0,0,0.00,01-Oct-2016,01-Oct-2016,30-Jun-2014,30-Jun-2014,1,1
823B_As-built,823B-H-SHK-Z2-1130,"Erecting Full Heigh Column Formwork",TT_Task,,"Zone 2 (GL3-4/A-E)",31-Aug-2012,06-Sep-2012,6,31-Aug-2012,06-Sep-2012,6,0,0,0.00,01-Oct-2016,01-Oct-2016,30-Jun-2014,30-Jun-2014,1,1
823B_As-built,823B-H-SHK-Z2-1140,"Concrete Full Heigh Column",TT_Task,,"Zone 2 (GL3-4/A-E)",07-Sep-2012,07-Sep-2012,0,07-Sep-2012,07-Sep-2012,,0,,,01-Oct-2016,01-Oct-2016,30-Jun-2014,30-Jun-2014,1,1
823B_As-built,823B-H-SHK-Z2-1150,"Dismantle column Formwork",TT_Task,,"Zone 2 (GL3-4/A-E)",08-Sep-2012,08-Sep-2012,0,08-Sep-2012,08-Sep-2012,,0,,,01-Oct-2016,01-Oct-2016,30-Jun-2014,30-Jun-2014,1,1
823B_As-built,823B-H-SHK-Z2-1160,"Erecting Cable Trench Wall Formwork",TT_Task,,"Zone 2 (GL3-4/A-E)",10-Sep-2012,15-Sep-2012,5,10-Sep-2012,15-Sep-2012,5,0,0,0.00,01-Oct-2016,01-Oct-2016,30-Jun-2014,30-Jun-2014,1,1
823B_As-built,823B-H-SHK-Z2-1170,"Steel Fixing Cable Trench Wall",TT_Task,,"Zone 2 (GL3-4/A-E)",13-Sep-2012,19-Sep-2012,6,13-Sep-2012,19-Sep-2012,6,0,0,0.00,01-Oct-2016,01-Oct-2016,30-Jun-2014,30-Jun-2014,1,1
823B_As-built,823B-H-SHK-Z2-1180,"Closing Cable Trench WallFormwork",TT_Task,,"Zone 2 (GL3-4/A-E)",17-Sep-2012,22-Sep-2012,5,17-Sep-2012,22-Sep-2012,5,0,0,0.00,01-Oct-2016,01-Oct-2016,30-Jun-2014,30-Jun-2014,1,1
823B_As-built,823B-H-SHK-Z2-1190,"Concrete Cable Trench Wall",TT_Task,,"Zone 2 (GL3-4/A-E)",24-Sep-2012,25-Sep-2012,1,24-Sep-2012,25-Sep-2012,1,0,0,0.00,01-Oct-2016,01-Oct-2016,30-Jun-2014,30-Jun-2014,1,1
823B_As-built,823B-H-SHK-Z2-1200,"Dismantle Cable Trench Formwork backfill",TT_Task,,"Zone 2 (GL3-4/A-E)",26-Sep-2012,27-Sep-2012,1,26-Sep-2012,27-Sep-2012,1,0,0,0.00,01-Oct-2016,01-Oct-2016,30-Jun-2014,30-Jun-2014,1,1
823B_As-built,823B-H-SHK-Z2-1210,"Backfill",TT_Task,,"Zone 2 (GL3-4/A-E)",28-Sep-2012,29-Sep-2012,1,28-Sep-2012,29-Sep-2012,1,0,0,0.00,01-Oct-2016,01-Oct-2016,30-Jun-2014,30-Jun-2014,1,1
823B_As-built,823B-H-SHK-Z2-1220,"Concrete 200mm On Grade Slab (GL3-6/A-E)",TT_Task,,"Zone 2 (GL3-4/A-E)",03-Oct-2012,04-Oct-2012,1,03-Oct-2012,04-Oct-2012,1,0,0,0.00,01-Oct-2016,01-Oct-2016,30-Jun-2014,30-Jun-2014,1,2
823B_As-built,823B-H-SHK-Z2-1230,"Erecitng Wall Formwork (G/F - R/F)",TT_Task,,"Zone 2 (GL3-4/A-E)",05-Oct-2012,11-Oct-2012,6,05-Oct-2012,11-Oct-2012,6,0,0,0.00,01-Oct-2016,01-Oct-2016,30-Jun-2014,30-Jun-2014,1,1
823B_As-built,823B-H-SHK-Z2-1240,"Steel Fixing wall (G/F - R/F)",TT_Task,,"Zone 2 (GL3-4/A-E)",08-Oct-2012,13-Oct-2012,5,08-Oct-2012,13-Oct-2012,5,0,0,0.00,01-Oct-2016,01-Oct-2016,30-Jun-2014,30-Jun-2014,1,1
823B_As-built,823B-H-SHK-Z2-1250,"Closing Wall Formwork",TT_Task,,"Zone 2 (GL3-4/A-E)",10-Oct-2012,16-Oct-2012,6,10-Oct-2012,16-Oct-2012,6,0,0,0.00,01-Oct-2016,01-Oct-2016,30-Jun-2014,30-Jun-2014,1,1
823B_As-built,823B-H-SHK-Z2-1260,"Concrete wall (G/F - R/F)",TT_Task,,"Zone 2 (GL3-4/A-E)",17-Oct-2012,17-Oct-2012,0,17-Oct-2012,17-Oct-2012,,0,,,01-Oct-2016,01-Oct-2016,30-Jun-2014,30-Jun-2014,1,1
823B_As-built,823B-H-SHK-Z2-1270,"Erecting beam, roof slab formwork",TT_Task,,"Zone 2 (GL3-4/A-E)",18-Oct-2012,24-Oct-2012,6,18-Oct-2012,24-Oct-2012,6,0,0,0.00,01-Oct-2016,01-Oct-2016,30-Jun-2014,30-Jun-2014,1,1
823B_As-built,823B-H-SHK-Z2-1280,"Steel Fixing beam and roof slab",TT_Task,,"Zone 2 (GL3-4/A-E)",25-Oct-2012,31-Oct-2012,6,25-Oct-2012,31-Oct-2012,6,0,0,0.00,01-Oct-2016,01-Oct-2016,30-Jun-2014,30-Jun-2014,1,1
823B_As-built,823B-H-SHK-Z2-1290,"Concrete beam and roof slab",TT_Task,,"Zone 2 (GL3-4/A-E)",01-Nov-2012,01-Nov-2012,0,01-Nov-2012,01-Nov-2012,,0,,,01-Oct-2016,01-Oct-2016,30-Jun-2014,30-Jun-2014,1,4
823B_As-built,823B-H-SHK-Z2-1300,"Erecting parpet wall formwork",TT_Task,,"Zone 2 (GL3-4/A-E)",02-Nov-2012,05-Nov-2012,3,02-Nov-2012,05-Nov-2012,3,0,0,0.00,01-Oct-2016,01-Oct-2016,09-Apr-2015,09-Apr-2015,1,1
823B_As-built,823B-H-SHK-Z2-1310,"Steel fixing parpet wall",TT_Task,,"Zone 2 (GL3-4/A-E)",05-Nov-2012,07-Nov-2012,2,05-Nov-2012,07-Nov-2012,2,0,0,0.00,01-Oct-2016,01-Oct-2016,09-Apr-2015,09-Apr-2015,1,1
823B_As-built,823B-H-SHK-Z2-1320,"Closing parpet wall formwork",TT_Task,,"Zone 2 (GL3-4/A-E)",08-Nov-2012,09-Nov-2012,1,08-Nov-2012,09-Nov-2012,1,0,0,0.00,01-Oct-2016,01-Oct-2016,09-Apr-2015,09-Apr-2015,1,1
823B_As-built,823B-H-SHK-Z2-1330,"Concrete parapet wall",TT_Task,,"Zone 2 (GL3-4/A-E)",10-Nov-2012,10-Nov-2012,0,10-Nov-2012,10-Nov-2012,,0,,,01-Oct-2016,01-Oct-2016,09-Apr-2015,09-Apr-2015,1,6
823B_As-built,823B-H-SHK-B-2000,"Pipe laying (stormwater system)",TT_Task,,"Builder's Work in Connection with Services",02-Nov-2012,22-Nov-2012,20,02-Nov-2012,22-Nov-2012,20,0,0,0.00,01-Oct-2016,01-Oct-2016,17-Feb-2017,17-Feb-2017,2,2
823B_As-built,823B-H-SHK-B-3000,"Pipe laying (foulwater system)",TT_Task,,"Builder's Work in Connection with Services",12-Nov-2012,01-Dec-2012,19,12-Nov-2012,01-Dec-2012,19,0,0,0.00,01-Oct-2016,01-Oct-2016,17-Feb-2017,17-Feb-2017,1,1
823B_As-built,823B-H-SHK-B-4000,"Earthing (main earthing & lighting protection system)",TT_Task,,"Builder's Work in Connection with Services",02-Nov-2012,01-Dec-2012,29,02-Nov-2012,01-Dec-2012,29,0,0,0.00,01-Oct-2016,01-Oct-2016,17-Feb-2017,17-Feb-2017,1,1
823B_As-built,823B-H-SHK-A-1010,"Louvre frame (Zone 1)",TT_Task,,"ABWF Woks",09-Oct-2012,10-Oct-2012,1,09-Oct-2012,10-Oct-2012,1,0,0,0.00,01-Oct-2016,01-Oct-2016,17-Feb-2017,17-Feb-2017,2,4
823B_As-built,823B-H-SHK-A-1020,"Louvre frame (Zone 2)",TT_Task,,"ABWF Woks",10-Nov-2012,12-Nov-2012,2,10-Nov-2012,12-Nov-2012,2,0,0,0.00,01-Oct-2016,01-Oct-2016,17-Feb-2017,17-Feb-2017,2,4
823B_As-built,823B-H-SHK-A-1030,"Wet trade (Screeding, plastering and rending) (Zone 1)",TT_Task,,"ABWF Woks",17-Oct-2012,31-Oct-2012,14,17-Oct-2012,31-Oct-2012,14,0,0,0.00,01-Oct-2016,01-Oct-2016,17-Feb-2017,17-Feb-2017,1,6
823B_As-built,823B-H-SHK-A-1040,"Wet trade (Screeding, plastering and rending) (Zone 2)",TT_Task,,"ABWF Woks",19-Nov-2012,24-Nov-2012,5,19-Nov-2012,24-Nov-2012,5,0,0,0.00,01-Oct-2016,01-Oct-2016,17-Feb-2017,17-Feb-2017,1,6
823B_As-built,823B-H-SHK-A-1050,"Ceiling, floor and wall coating (Zone1)",TT_Task,,"ABWF Woks",01-Dec-2012,23-Jan-2013,53,01-Dec-2012,23-Jan-2013,53,0,0,0.00,01-Oct-2016,01-Oct-2016,17-Feb-2017,17-Feb-2017,1,5
823B_As-built,823B-H-SHK-A-1060,"Ceiling, floor and wall coating (Zone 2)",TT_Task,,"ABWF Woks",01-Dec-2012,23-Jan-2013,53,01-Dec-2012,23-Jan-2013,53,0,0,0.00,01-Oct-2016,01-Oct-2016,17-Feb-2017,17-Feb-2017,1,5
823B_As-built,823B-H-SHK-A-1070,"Door frame (Zone 1)",TT_Task,,"ABWF Woks",24-Jan-2013,09-Mar-2013,44,24-Jan-2013,09-Mar-2013,44,0,0,0.00,01-Oct-2016,01-Oct-2016,17-Feb-2017,17-Feb-2017,1,4
823B_As-built,823B-H-SHK-A-1080,"Door frame (Zone 2)",TT_Task,,"ABWF Woks",24-Jan-2013,09-Mar-2013,44,24-Jan-2013,09-Mar-2013,44,0,0,0.00,01-Oct-2016,01-Oct-2016,17-Feb-2017,17-Feb-2017,1,5
823B_As-built,823B-H-SHK-A-1090,"Roof waterproofing",TT_Task,,"ABWF Woks",02-Nov-2012,13-Nov-2012,11,02-Nov-2012,13-Nov-2012,11,0,0,0.00,01-Oct-2016,01-Oct-2016,30-Jun-2014,30-Jun-2014,3,5
823B_As-built,823B-H-SHK-A-1100,"Metal work (Catladder, cable trench cover)",TT_Task,,"ABWF Woks",26-Nov-2012,01-Dec-2012,5,26-Nov-2012,01-Dec-2012,5,0,0,0.00,01-Oct-2016,01-Oct-2016,17-Feb-2017,17-Feb-2017,2,4
823B_As-built,823B-H-SHK-A-1110,"Roof railing",TT_Task,,"ABWF Woks",01-Dec-2012,06-Dec-2012,5,01-Dec-2012,04-Jun-2013,185,0,180,3600.00,01-Oct-2016,01-Oct-2016,30-Jun-2014,30-Jun-2014,1,4
823B_As-built,823B-H-SHK-A-1120,"Door ironmongery, louvre blade",TT_Task,,"ABWF Woks",24-May-2013,31-May-2013,7,01-Jun-2013,08-Jun-2013,7,8,0,0.00,01-Oct-2016,01-Oct-2016,17-Feb-2017,17-Feb-2017,1,4
823B_As-built,823B-H-SHK-A-1130,"Mineral silicate paint",TT_Task,,"ABWF Woks",15-May-2013,08-Jun-2013,24,15-May-2013,08-Jun-2013,24,0,0,0.00,01-Oct-2016,01-Oct-2016,30-Jun-2014,30-Jun-2014,1,7
823B_As-built,823B-H-SHK-Z1-1010,"Footing Excavation & Blinding layer",TT_Task,,"Zone 1 (GL1-2/A-E)",19-Jul-2012,19-Jul-2012,0,19-Jul-2012,19-Jul-2012,,0,,,01-Oct-2016,01-Oct-2016,30-Jun-2014,30-Jun-2014,1,1
823B_As-built,823B-H-SHK-Z1-1020,"Erecting Footing Formwork",TT_Task,,"Zone 1 (GL1-2/A-E)",20-Jul-2012,23-Jul-2012,3,20-Jul-2012,23-Jul-2012,3,0,0,0.00,01-Oct-2016,01-Oct-2016,30-Jun-2014,30-Jun-2014,1,1
823B_As-built,823B-H-SHK-Z1-1030,"Steel Fixing Footing",TT_Task,,"Zone 1 (GL1-2/A-E)",24-Jul-2012,27-Jul-2012,3,24-Jul-2012,27-Jul-2012,3,0,0,0.00,01-Oct-2016,01-Oct-2016,30-Jun-2014,30-Jun-2014,1,1
823B_As-built,823B-H-SHK-Z1-1040,"Concrete Footing",TT_Task,,"Zone 1 (GL1-2/A-E)",28-Jul-2012,28-Jul-2012,0,28-Jul-2012,28-Jul-2012,,0,,,01-Oct-2016,01-Oct-2016,30-Jun-2014,30-Jun-2014,1,1
823B_As-built,823B-H-SHK-Z1-1050,"Dismantle formwork and Erecting Working Platform",TT_Task,,"Zone 1 (GL1-2/A-E)",30-Jul-2012,30-Jul-2012,0,30-Jul-2012,30-Jul-2012,,0,,,01-Oct-2016,01-Oct-2016,30-Jun-2014,30-Jun-2014,1,3
823B_As-built,823B-H-SHK-Z1-1060,"Steel Fixing column to ground beam level",TT_Task,,"Zone 1 (GL1-2/A-E)",31-Jul-2012,01-Aug-2012,1,31-Jul-2012,01-Aug-2012,1,0,0,0.00,01-Oct-2016,01-Oct-2016,30-Jun-2014,30-Jun-2014,1,1
823B_As-built,823B-H-SHK-Z1-1070,"Erecting column formwork to ground beam level",TT_Task,,"Zone 1 (GL1-2/A-E)",02-Aug-2012,03-Aug-2012,1,02-Aug-2012,03-Aug-2012,1,0,0,0.00,01-Oct-2016,01-Oct-2016,30-Jun-2014,30-Jun-2014,1,1
823B_As-built,823B-H-SHK-Z1-1080,"Concrete column to ground beam level",TT_Task,,"Zone 1 (GL1-2/A-E)",04-Aug-2012,04-Aug-2012,0,04-Aug-2012,04-Aug-2012,,0,,,01-Oct-2016,01-Oct-2016,30-Jun-2014,30-Jun-2014,1,1
823B_As-built,823B-H-SHK-Z1-1090,"Steel Fixing Full Heigh column",TT_Task,,"Zone 1 (GL1-2/A-E)",31-Jul-2012,04-Aug-2012,4,31-Jul-2012,04-Aug-2012,4,0,0,0.00,01-Oct-2016,01-Oct-2016,17-Feb-2017,17-Feb-2017,1,1
823B_As-built,823B-H-SHK-Z1-1100,"Erecting Full Heigh Column Formwork",TT_Task,,"Zone 1 (GL1-2/A-E)",03-Aug-2012,08-Aug-2012,5,03-Aug-2012,08-Aug-2012,5,0,0,0.00,01-Oct-2016,01-Oct-2016,17-Feb-2017,17-Feb-2017,1,1
823B_As-built,823B-H-SHK-Z1-1110,"Concete Full Heigh Column",TT_Task,,"Zone 1 (GL1-2/A-E)",09-Aug-2012,09-Aug-2012,0,09-Aug-2012,09-Aug-2012,,0,,,01-Oct-2016,01-Oct-2016,17-Feb-2017,17-Feb-2017,1,0
823B_As-built,823B-H-SHK-Z1-1120,"Dismantle column Formwork",TT_Task,,"Zone 1 (GL1-2/A-E)",06-Aug-2012,06-Aug-2012,0,06-Aug-2012,06-Aug-2012,,0,,,01-Oct-2016,01-Oct-2016,30-Jun-2014,30-Jun-2014,1,1
823B_As-built,823B-H-SHK-Z1-1130,"Backfill",TT_Task,,"Zone 1 (GL1-2/A-E)",07-Aug-2012,10-Aug-2012,3,07-Aug-2012,10-Aug-2012,3,0,0,0.00,01-Oct-2016,01-Oct-2016,30-Jun-2014,30-Jun-2014,1,1
823B_As-built,823B-H-SHK-Z1-1140,"Steel Fixing Ground Beam",TT_Task,,"Zone 1 (GL1-2/A-E)",11-Aug-2012,14-Aug-2012,3,11-Aug-2012,14-Aug-2012,3,0,0,0.00,01-Oct-2016,01-Oct-2016,30-Jun-2014,30-Jun-2014,1,1
823B_As-built,823B-H-SHK-Z1-1150,"Concrete Ground Beam",TT_Task,,"Zone 1 (GL1-2/A-E)",15-Aug-2012,15-Aug-2012,0,15-Aug-2012,15-Aug-2012,,0,,,01-Oct-2016,01-Oct-2016,30-Jun-2014,30-Jun-2014,1,1
823B_As-built,823B-H-SHK-Z1-1160,"Dismantle Ground Beam Formwork, Backfill and blinding Blinding layer for ground floor slab",TT_Task,,"Zone 1 (GL1-2/A-E)",16-Aug-2012,20-Aug-2012,4,16-Aug-2012,20-Aug-2012,4,0,0,0.00,01-Oct-2016,01-Oct-2016,30-Jun-2014,30-Jun-2014,1,2
823B_As-built,823B-H-SHK-Z1-1170,"Erecting Cable Trench Wall Formwork",TT_Task,,"Zone 1 (GL1-2/A-E)",21-Aug-2012,23-Aug-2012,2,21-Aug-2012,23-Aug-2012,2,0,0,0.00,01-Oct-2016,01-Oct-2016,17-Feb-2017,17-Feb-2017,1,1
823B_As-built,823B-H-SHK-Z1-1180,"Steel Fixing Cable Trench Wall",TT_Task,,"Zone 1 (GL1-2/A-E)",22-Aug-2012,24-Aug-2012,2,22-Aug-2012,24-Aug-2012,2,0,0,0.00,01-Oct-2016,01-Oct-2016,17-Feb-2017,17-Feb-2017,1,1
823B_As-built,823B-H-SHK-Z1-1190,"Closing  Cable Trench WallFormwork",TT_Task,,"Zone 1 (GL1-2/A-E)",23-Aug-2012,25-Aug-2012,2,23-Aug-2012,25-Aug-2012,2,0,0,0.00,01-Oct-2016,01-Oct-2016,17-Feb-2017,17-Feb-2017,1,1
823B_As-built,823B-H-SHK-Z1-1200,"Concrete Cable Trench Wall",TT_Task,,"Zone 1 (GL1-2/A-E)",27-Aug-2012,27-Aug-2012,0,27-Aug-2012,27-Aug-2012,,0,,,01-Oct-2016,01-Oct-2016,17-Feb-2017,17-Feb-2017,1,1
823B_As-built,823B-H-SHK-Z1-1210,"Steel Fixing Ground Floor Slab and erecting formwork (GL1-2/B1-D1)",TT_Task,,"Zone 1 (GL1-2/A-E)",21-Aug-2012,24-Aug-2012,3,21-Aug-2012,24-Aug-2012,3,0,0,0.00,01-Oct-2016,01-Oct-2016,30-Jun-2014,30-Jun-2014,1,1
823B_As-built,823B-H-SHK-Z1-1220,"Concrete Ground Floor Slab (GL1-2/B1-D1) & 200mm On Grade Slab (GL1-2/A-B1)",TT_Task,,"Zone 1 (GL1-2/A-E)",25-Aug-2012,25-Aug-2012,0,25-Aug-2012,25-Aug-2012,,0,,,01-Oct-2016,01-Oct-2016,30-Jun-2014,30-Jun-2014,1,2
823B_As-built,823B-H-SHK-Z1-1230,"Dismanlte Cable Trench wall formwork and backfill soil",TT_Task,,"Zone 1 (GL1-2/A-E)",28-Aug-2012,29-Aug-2012,1,28-Aug-2012,29-Aug-2012,1,0,0,0.00,01-Oct-2016,01-Oct-2016,17-Feb-2017,17-Feb-2017,1,1
823B_As-built,823B-H-SHK-Z1-1240,"Concrete 200mm On Grade Slab (GL1-2/D1-E)",TT_Task,,"Zone 1 (GL1-2/A-E)",30-Aug-2012,30-Aug-2012,0,30-Aug-2012,30-Aug-2012,,0,,,01-Oct-2016,01-Oct-2016,17-Feb-2017,17-Feb-2017,1,1
823B_As-built,823B-H-SHK-Z1-1250,"Erecting Wall Formwork [G/F - R/F)",TT_Task,,"Zone 1 (GL1-2/A-E)",27-Aug-2012,03-Sep-2012,7,27-Aug-2012,03-Sep-2012,7,0,0,0.00,01-Oct-2016,01-Oct-2016,30-Jun-2014,30-Jun-2014,1,1
823B_As-built,823B-H-SHK-Z1-1260,"Steel Fixing Wall",TT_Task,,"Zone 1 (GL1-2/A-E)",29-Aug-2012,05-Sep-2012,7,29-Aug-2012,05-Sep-2012,7,0,0,0.00,01-Oct-2016,01-Oct-2016,30-Jun-2014,30-Jun-2014,1,1
823B_As-built,823B-H-SHK-Z1-1270,"Closing Wall Formwork",TT_Task,,"Zone 1 (GL1-2/A-E)",31-Aug-2012,07-Sep-2012,7,31-Aug-2012,07-Sep-2012,7,0,0,0.00,01-Oct-2016,01-Oct-2016,30-Jun-2014,30-Jun-2014,1,1
823B_As-built,823B-H-SHK-Z1-1280,"Concrete wall",TT_Task,,"Zone 1 (GL1-2/A-E)",08-Sep-2012,08-Sep-2012,0,08-Sep-2012,08-Sep-2012,,0,,,01-Oct-2016,01-Oct-2016,30-Jun-2014,30-Jun-2014,1,1
823B_As-built,823B-H-SHK-Z1-1290,"Erecting beam, roof slab formwork",TT_Task,,"Zone 1 (GL1-2/A-E)",10-Sep-2012,20-Sep-2012,10,10-Sep-2012,20-Sep-2012,10,0,0,0.00,01-Oct-2016,01-Oct-2016,30-Jun-2014,30-Jun-2014,1,1
823B_As-built,823B-H-SHK-Z1-1300,"Steel Fixing beam and roof slab",TT_Task,,"Zone 1 (GL1-2/A-E)",19-Sep-2012,26-Sep-2012,7,19-Sep-2012,26-Sep-2012,7,0,0,0.00,01-Oct-2016,01-Oct-2016,30-Jun-2014,30-Jun-2014,1,1
823B_As-built,823B-H-SHK-Z1-1310,"Concrete beam and roof slab",TT_Task,,"Zone 1 (GL1-2/A-E)",27-Sep-2012,27-Sep-2012,0,27-Sep-2012,27-Sep-2012,,0,,,01-Oct-2016,01-Oct-2016,30-Jun-2014,30-Jun-2014,1,5
823B_As-built,823B-H-SHK-Z1-1320,"Water tank base slab, wall and roof",TT_Task,,"Zone 1 (GL1-2/A-E)",28-Sep-2012,30-Oct-2012,32,28-Sep-2012,30-Oct-2012,32,0,0,0.00,01-Oct-2016,01-Oct-2016,30-Jun-2014,30-Jun-2014,1,1
823B_As-built,823B-H-SHK-Z1-1330,"Concrete water tank",TT_Task,,"Zone 1 (GL1-2/A-E)",31-Oct-2012,31-Oct-2012,0,31-Oct-2012,31-Oct-2012,,0,,,01-Oct-2016,01-Oct-2016,30-Jun-2014,30-Jun-2014,1,2
823B_As-built,823B-H-SHK-Z1-1340,"Erecting parpet wall formwork",TT_Task,,"Zone 1 (GL1-2/A-E)",28-Sep-2012,29-Sep-2012,1,28-Sep-2012,29-Sep-2012,1,0,0,0.00,01-Oct-2016,01-Oct-2016,09-Apr-2015,09-Apr-2015,1,1
823B_As-built,823B-H-SHK-Z1-1350,"Steel fixing parpet wall",TT_Task,,"Zone 1 (GL1-2/A-E)",03-Oct-2012,04-Oct-2012,1,03-Oct-2012,04-Oct-2012,1,0,0,0.00,01-Oct-2016,01-Oct-2016,09-Apr-2015,09-Apr-2015,1,1
823B_As-built,823B-H-SHK-Z1-1360,"Closing parpet wall formwork",TT_Task,,"Zone 1 (GL1-2/A-E)",05-Oct-2012,06-Oct-2012,1,05-Oct-2012,06-Oct-2012,1,0,0,0.00,01-Oct-2016,01-Oct-2016,09-Apr-2015,09-Apr-2015,1,1
823B_As-built,823B-H-SHK-Z1-1370,"Concrete parpet wall",TT_Task,,"Zone 1 (GL1-2/A-E)",08-Oct-2012,08-Oct-2012,0,08-Oct-2012,08-Oct-2012,,0,,,01-Oct-2016,01-Oct-2016,09-Apr-2015,09-Apr-2015,1,3
823B_As-built,823B-H-TWP-B-1000,"Pipe laying (stormwater system)",TT_Task,,"Builder's Work in Connection with Services",10-Nov-2014,22-Nov-2014,12,01-Sep-2014,15-Sep-2014,14,-70,2,16.67,01-Oct-2016,01-Oct-2016,17-Feb-2017,17-Feb-2017,1,2
823B_As-built,823B-H-TWP-B-2000,"Earthing (lighting protection system)",TT_Task,,"Builder's Work in Connection with Services",24-Nov-2014,06-Dec-2014,12,01-Sep-2014,15-Sep-2014,14,-84,2,16.67,01-Oct-2016,01-Oct-2016,17-Feb-2017,17-Feb-2017,1,2
823B_As-built,823B-H-TWP-S-1050,"Column (below ground) (5m� conc)",TT_Task,,"Civil and Structure",17-Jul-2014,28-Jul-2014,11,17-Jul-2014,28-Jul-2014,11,0,0,0.00,01-Oct-2016,01-Oct-2016,02-Jun-2014,02-Jun-2014,1,2
823B_As-built,823B-H-TWP-S-1060,"Backfilling (850m�)",TT_Task,,"Civil and Structure",23-Jul-2014,29-Jul-2014,6,25-Jul-2014,27-Aug-2014,33,2,27,450.00,01-Oct-2016,01-Oct-2016,02-Jun-2014,02-Jun-2014,1,2
823B_As-built,823B-H-TWP-S-1070,"Ground Slab (52m� conc)",TT_Task,,"Civil and Structure",01-Aug-2014,14-Aug-2014,13,28-Aug-2014,01-Sep-2014,4,27,-9,-69.23,01-Oct-2016,01-Oct-2016,02-Jun-2014,02-Jun-2014,1,2
823B_As-built,823B-H-TWP-S-1080,"Column (above ground) (10m� conc)",TT_Task,,"Civil and Structure",15-Sep-2014,25-Sep-2014,10,01-Sep-2014,05-Sep-2014,4,-14,-6,-60.00,01-Oct-2016,01-Oct-2016,02-Jun-2014,02-Jun-2014,1,2
823B_As-built,823B-H-TWP-S-1090,"Roof slab (82m� conc)",TT_Task,,"Civil and Structure",26-Sep-2014,25-Oct-2014,29,04-Sep-2014,29-Sep-2014,25,-22,-4,-13.79,01-Oct-2016,01-Oct-2016,02-Jun-2014,02-Jun-2014,1,3
823B_As-built,823B-H-TWP-S-1100,"Non-bearing RC Wall (60m� conc)",TT_Task,,"Civil and Structure",27-Oct-2014,18-Nov-2014,22,01-Sep-2014,05-Sep-2014,4,-56,-18,-81.82,01-Oct-2016,01-Oct-2016,02-Jun-2014,02-Jun-2014,1,3
823B_As-built,823B-H-TWP-S-1110,"Underground tank (144m� conc)",TT_Task,,"Civil and Structure",04-Aug-2014,06-Sep-2014,33,04-Aug-2014,06-Dec-2014,124,0,91,275.76,01-Oct-2016,01-Oct-2016,17-Feb-2017,17-Feb-2017,1,2
823B_As-built,823B-H-TWP-S-1010,"Excavation to formation level (approx +14.00) (780m�)",TT_Task,,"Site Formation / Earthwork",03-Jun-2014,09-Jun-2014,6,19-Jun-2014,25-Jun-2014,6,16,0,0.00,01-Oct-2016,01-Oct-2016,02-Jun-2014,02-Jun-2014,1,2
823B_As-built,823B-H-TWP-S-1020,"Excavation for Footing Foundation (900m�)",TT_Task,,"Site Formation / Earthwork",03-Jun-2014,09-Jun-2014,6,19-Jun-2014,25-Jun-2014,6,16,0,0.00,01-Oct-2016,01-Oct-2016,02-Jun-2014,02-Jun-2014,1,3
823B_As-built,823B-H-TWP-S-1030,"Excavation for Underground Tank (512m�)",TT_Task,,"Site Formation / Earthwork",02-Jul-2014,05-Jul-2014,3,19-Jul-2014,01-Aug-2014,13,17,10,333.33,01-Oct-2016,01-Oct-2016,17-Feb-2017,17-Feb-2017,1,2
823B_As-built,823B-H-TWP-S-1040,"Footing foundation (46m� conc)",TT_Task,,"Site Formation / Earthwork",10-Jun-2014,23-Jun-2014,13,26-Jun-2014,23-Jul-2014,27,16,14,107.69,01-Oct-2016,01-Oct-2016,02-Jun-2014,02-Jun-2014,1,1
823B_As-built,823B-H-TWP-A-1010,"Blockwalls (electrical room)",TT_Task,,"ABWF Works",03-Oct-2014,09-Oct-2014,6,03-Oct-2014,09-Oct-2014,6,0,0,0.00,01-Oct-2016,01-Oct-2016,02-Jun-2014,02-Jun-2014,2,6
823B_As-built,823B-H-TWP-A-1020,"Catladder & Metal Access Hatch",TT_Task,,"ABWF Works",10-Oct-2014,16-Oct-2014,6,10-Oct-2014,16-Oct-2014,6,0,0,0.00,01-Oct-2016,01-Oct-2016,02-Jun-2014,02-Jun-2014,1,5
823B_As-built,823B-H-TWP-A-1030,"Doors & Ironmongery",TT_Task,,"ABWF Works",02-Jan-2015,15-Jan-2015,13,02-Jan-2015,01-Apr-2015,89,0,76,584.62,01-Oct-2016,01-Oct-2016,02-Jun-2014,02-Jun-2014,1,5
823B_As-built,823B-H-TWP-A-1040,"Windows, Louvers, Roller Shutters",TT_Task,,"ABWF Works",31-Oct-2014,27-Nov-2014,27,31-Oct-2014,04-Feb-2015,96,0,69,255.56,01-Oct-2016,01-Oct-2016,02-Jun-2014,02-Jun-2014,1,5
823B_As-built,823B-H-TWP-A-1050,"Control Room Finishes (Floor & Skirting)",TT_Task,,"ABWF Works",10-Oct-2014,16-Oct-2014,6,10-Oct-2014,16-Oct-2014,6,0,0,0.00,01-Oct-2016,01-Oct-2016,02-Jun-2014,02-Jun-2014,1,6
823B_As-built,823B-H-TWP-A-1060,"Train Wash Plant Room Finishes (Floor, Skirting, Wall/Column, & Ceiling)",TT_Task,,"ABWF Works",10-Oct-2014,21-Oct-2014,11,10-Oct-2014,21-Oct-2014,11,0,0,0.00,01-Oct-2016,01-Oct-2016,02-Jun-2014,02-Jun-2014,1,4
823B_As-built,823B-H-TWP-A-1070,"Electrical Room Finishes (Floor & Skirting)",TT_Task,,"ABWF Works",15-Oct-2014,21-Oct-2014,6,15-Oct-2014,21-Oct-2014,6,0,0,0.00,01-Oct-2016,01-Oct-2016,02-Jun-2014,02-Jun-2014,1,4
823B_As-built,823B-H-TWP-A-1080,"Waterproofing (Roof)",TT_Task,,"ABWF Works",03-Oct-2014,16-Oct-2014,13,03-Oct-2014,16-Oct-2014,13,0,0,0.00,01-Oct-2016,01-Oct-2016,02-Jun-2014,02-Jun-2014,1,5
823B_As-built,823B-H-TWP-A-1090,"Roof Finishing",TT_Task,,"ABWF Works",17-Oct-2014,20-Nov-2014,34,17-Oct-2014,17-Dec-2014,61,0,27,79.41,01-Oct-2016,01-Oct-2016,02-Jun-2014,02-Jun-2014,1,5
823B_As-built,823B-PRO-1000,"for Emergency Rescue Siding (ERS)",TT_Task,,"PROCUREMENT FOR MAJOR ABWF WORKS",11-Jun-2013,26-Sep-2013,107,11-Jun-2013,26-Sep-2013,107,0,0,0.00,01-Oct-2016,01-Oct-2016,19-May-2014,19-May-2014,4,2
823B_As-built,823B-PRO-1010,"for Running Maintenance Shed (RMS)",TT_Task,,"PROCUREMENT FOR MAJOR ABWF WORKS",13-Dec-2012,08-Apr-2013,116,13-Dec-2012,08-Apr-2013,116,0,0,0.00,01-Oct-2016,01-Oct-2016,30-Jun-2014,30-Jun-2014,1,4
823B_As-built,823B-PRO-1020,"for Main Building (SMB)",TT_Task,,"PROCUREMENT FOR MAJOR ABWF WORKS",01-Dec-2012,22-Mar-2013,111,01-Dec-2012,22-Mar-2013,111,0,0,0.00,01-Oct-2016,01-Oct-2016,03-Mar-2014,03-Mar-2014,1,5
823B_As-built,823B-PRO-1030,"for Infrastructure, Building Maintenance and PWay Building (IBP)",TT_Task,,"PROCUREMENT FOR MAJOR ABWF WORKS",18-Feb-2013,08-Jun-2013,110,18-Feb-2013,08-Jun-2013,110,0,0,0.00,01-Oct-2016,01-Oct-2016,17-Feb-2017,17-Feb-2017,3,3
823B_As-built,823B-PRO-1040,"for Shek Kong Feeder Station (SHK)",TT_Task,,"PROCUREMENT FOR MAJOR ABWF WORKS",15-Jun-2012,29-Sep-2012,106,15-Jun-2012,29-Sep-2012,106,0,0,0.00,01-Oct-2016,01-Oct-2016,17-Feb-2017,17-Feb-2017,1,2
823B_As-built,823B-PRO-1050,"for Other Minor Buildings",TT_Task,,"PROCUREMENT FOR MAJOR ABWF WORKS",08-Dec-2012,02-Apr-2013,115,08-Dec-2012,02-Apr-2013,115,0,0,0.00,01-Oct-2016,01-Oct-2016,02-Jun-2014,02-Jun-2014,5,7
823B_As-built,823B-B-DSC-0010,"Site Clearance Works",TT_Task,,"Demolition and Site Clearance",24-Nov-2010,31-May-2011,188,24-Nov-2010,31-May-2011,188,0,0,0.00,01-Oct-2016,01-Oct-2016,17-Feb-2017,17-Feb-2017,0,5
823B_As-built,823B-B-DSC-0030,"Demolition of EBS (with presence of asbestos)",TT_Task,,"Demolition and Site Clearance",27-Jan-2011,07-Jun-2011,131,27-Jan-2011,07-Jun-2011,131,0,0,0.00,01-Oct-2016,01-Oct-2016,17-Feb-2017,17-Feb-2017,0,1
823B_As-built,823B-B-DSC-0020,"Demolition of EBS (with no presence of asbestos)",TT_Task,,"Demolition and Site Clearance",24-Nov-2010,23-Jun-2011,211,24-Nov-2010,23-Jun-2011,211,0,0,0.00,01-Oct-2016,01-Oct-2016,17-Feb-2017,17-Feb-2017,1,1
823B_As-built,823B-B-DSC-0040,"Site Clearance Works for WA 4.4, 4.5 & 4.7 and Utility diversion",TT_Task,,"Demolition and Site Clearance",10-Jan-2012,25-Aug-2012,228,10-Jan-2012,25-Aug-2012,228,0,0,0.00,01-Oct-2016,01-Oct-2016,17-Feb-2017,17-Feb-2017,0,0
823B_As-built,823B-B-DSC-0050,"Rescue excavation for archaeology @ TP4",TT_Task,,"Archaeology Survey and Rescue Operation (for inaccessible area)",28-Feb-2011,16-May-2011,77,28-Feb-2011,16-May-2011,77,0,0,0.00,01-Oct-2016,01-Oct-2016,17-Feb-2017,17-Feb-2017,1,0
823B_As-built,823B-B-DSC-0060,"Permit Applications (incl. License to Search and Excavate Antiquities and Excavation Permit)",TT_Task,,"Archaeology Survey and Rescue Operation (for inaccessible area)",25-Oct-2010,28-Dec-2010,64,25-Oct-2010,28-Dec-2010,64,0,0,0.00,01-Oct-2016,01-Oct-2016,17-Feb-2017,17-Feb-2017,0,3
823B_As-built,823B-B-DSC-0110,"Check for underground utilities",TT_Task,,"Middle Zone",24-Nov-2010,27-Nov-2010,3,24-Nov-2010,27-Nov-2010,3,0,0,0.00,01-Oct-2016,01-Oct-2016,17-Feb-2017,17-Feb-2017,1,1
823B_As-built,823B-B-DSC-0120,"Field walking and hand augering (1 nos.)",TT_Task,,"Middle Zone",24-Nov-2010,27-Nov-2010,3,24-Nov-2010,27-Nov-2010,3,0,0,0.00,01-Oct-2016,01-Oct-2016,17-Feb-2017,17-Feb-2017,1,1
823B_As-built,823B-B-DSC-0130,"Excavation of trial pits (4 nos. supplementary)",TT_Task,,"Middle Zone",24-Nov-2010,27-Nov-2010,3,24-Nov-2010,27-Nov-2010,3,0,0,0.00,01-Oct-2016,01-Oct-2016,17-Feb-2017,17-Feb-2017,1,1
823B_As-built,823B-B-DSC-0140,"Rescue excavation works (if required)",TT_Task,,"Middle Zone",29-Nov-2010,29-Nov-2010,0,29-Nov-2010,29-Nov-2010,,0,,,01-Oct-2016,01-Oct-2016,17-Feb-2017,17-Feb-2017,1,0
823B_As-built,823B-B-DSC-0150,"Check for underground utilities",TT_Task,,"South Zone",30-Nov-2010,25-Feb-2011,87,30-Nov-2010,25-Feb-2011,87,0,0,0.00,01-Oct-2016,01-Oct-2016,17-Feb-2017,17-Feb-2017,1,1
823B_As-built,823B-B-DSC-0160,"Field walking and hand augering (5 nos.)",TT_Task,,"South Zone",30-Nov-2010,25-Feb-2011,87,30-Nov-2010,25-Feb-2011,87,0,0,0.00,01-Oct-2016,01-Oct-2016,17-Feb-2017,17-Feb-2017,1,1
823B_As-built,823B-B-DSC-0170,"Excavation of trial pits (1 nos. + 5 nos. supplementary)",TT_Task,,"South Zone",30-Nov-2010,25-Feb-2011,87,30-Nov-2010,25-Feb-2011,87,0,0,0.00,01-Oct-2016,01-Oct-2016,17-Feb-2017,17-Feb-2017,1,1
823B_As-built,823B-B-DSC-0180,"Rescue excavation works (if required)",TT_Task,,"South Zone",26-Feb-2011,26-Feb-2011,0,26-Feb-2011,26-Feb-2011,,0,,,01-Oct-2016,01-Oct-2016,17-Feb-2017,17-Feb-2017,1,0
823B_As-built,823B-B-DSC-0070,"Check for underground utilities",TT_Task,,"North Zone",29-Nov-2010,10-Mar-2011,101,29-Nov-2010,10-Mar-2011,101,0,0,0.00,01-Oct-2016,01-Oct-2016,17-Feb-2017,17-Feb-2017,1,1
823B_As-built,823B-B-DSC-0080,"Field walking and hand augering (5 nos.)",TT_Task,,"North Zone",29-Nov-2010,10-Mar-2011,101,29-Nov-2010,10-Mar-2011,101,0,0,0.00,01-Oct-2016,01-Oct-2016,17-Feb-2017,17-Feb-2017,1,1
823B_As-built,823B-B-DSC-0090,"Excavation of trial pits (3 nos. + 5 nos. supplementary)",TT_Task,,"North Zone",29-Nov-2010,10-Mar-2011,101,29-Nov-2010,10-Mar-2011,101,0,0,0.00,01-Oct-2016,01-Oct-2016,17-Feb-2017,17-Feb-2017,1,1
823B_As-built,823B-B-DSC-0100,"Rescue excavation works (if required)",TT_Task,,"North Zone",11-Mar-2011,11-Mar-2011,0,11-Mar-2011,11-Mar-2011,,0,,,01-Oct-2016,01-Oct-2016,17-Feb-2017,17-Feb-2017,1,0
823B_As-built,823B-B-IAM-0010,"Installation of Instrumentation - North Zone [PS30.4.3]",TT_Task,,"Instrumentation and Monitoring",17-Feb-2011,23-Jul-2011,156,17-Feb-2011,23-Jul-2011,156,0,0,0.00,01-Oct-2016,01-Oct-2016,17-Feb-2017,17-Feb-2017,1,2
823B_As-built,823B-B-IAM-0020,"Baseline Reading",TT_Task,,"Instrumentation and Monitoring",18-May-2011,28-Jul-2011,71,18-May-2011,28-Jul-2011,71,0,0,0.00,01-Oct-2016,01-Oct-2016,17-Feb-2017,17-Feb-2017,1,1
823B_As-built,823B-B-IAM-0030,"Submit Baseline Reading Report to the Engineer",TT_Task,,"Instrumentation and Monitoring",29-Jul-2011,04-Aug-2011,6,29-Jul-2011,04-Aug-2011,6,0,0,0.00,01-Oct-2016,01-Oct-2016,17-Feb-2017,17-Feb-2017,1,2
823B_As-built,823B-B-IAM-0100,"Regular Monitoring and submit monitoring report",TT_Task,,"Instrumentation and Monitoring",05-Aug-2011,21-Apr-2012,260,05-Aug-2011,21-Apr-2012,260,0,0,0.00,01-Oct-2016,01-Oct-2016,17-Feb-2017,17-Feb-2017,3,2
823B_As-built,823B-B-IAM-0110,"Regular Monitoring and submit monitoring report",TT_Task,,"Instrumentation and Monitoring",23-Apr-2012,27-Oct-2012,187,23-Apr-2012,27-Oct-2012,187,0,0,0.00,01-Oct-2016,01-Oct-2016,17-Feb-2017,17-Feb-2017,1,2
823B_As-built,823B-B-IAM-0120,"Regular Monitoring and submit monitoring report",TT_Task,,"Instrumentation and Monitoring",29-Oct-2012,27-Apr-2013,180,29-Oct-2012,27-Apr-2013,180,0,0,0.00,01-Oct-2016,01-Oct-2016,17-Feb-2017,17-Feb-2017,1,2
823B_As-built,823B-B-IAM-0130,"Regular Monitoring and submit monitoring report",TT_Task,,"Instrumentation and Monitoring",29-Apr-2013,26-Oct-2013,180,29-Apr-2013,26-Oct-2013,180,0,0,0.00,01-Oct-2016,01-Oct-2016,17-Feb-2017,17-Feb-2017,1,2
823B_As-built,823B-B-IAM-0140,"Regular Monitoring and submit monitoring report",TT_Task,,"Instrumentation and Monitoring",28-Oct-2013,26-Apr-2014,180,28-Oct-2013,26-Apr-2014,180,0,0,0.00,01-Oct-2016,01-Oct-2016,17-Feb-2017,17-Feb-2017,1,2
823B_As-built,823B-B-IAM-0150,"Regular Monitoring and submit monitoring report",TT_Task,,"Instrumentation and Monitoring",28-Apr-2014,25-Oct-2014,180,28-Apr-2014,25-Oct-2014,180,0,0,0.00,01-Oct-2016,01-Oct-2016,17-Feb-2017,17-Feb-2017,1,2
823B_As-built,823B-B-IAM-0160,"Regular Monitoring and submit monitoring report",TT_Task,,"Instrumentation and Monitoring",25-Nov-2014,27-May-2015,183,27-Oct-2014,25-Apr-2015,180,-29,-3,-1.64,01-Oct-2016,01-Oct-2016,17-Feb-2017,17-Feb-2017,1,1
823B_As-built,823B-B-IAM-0040,"Installation of Instrumentation - Middle Zone [PS30.4.3]",TT_Task,,"Instrumentation and Monitoring",24-May-2011,23-Jun-2011,30,24-May-2011,23-Jun-2011,30,0,0,0.00,01-Oct-2016,01-Oct-2016,17-Feb-2017,17-Feb-2017,1,2
823B_As-built,823B-B-IAM-0050,"Baseline Reading",TT_Task,,"Instrumentation and Monitoring",07-Jun-2011,05-Jul-2011,28,07-Jun-2011,05-Jul-2011,28,0,0,0.00,01-Oct-2016,01-Oct-2016,17-Feb-2017,17-Feb-2017,1,1
823B_As-built,823B-B-IAM-0060,"Submit Baseline Reading Report to the Engineer",TT_Task,,"Instrumentation and Monitoring",13-Jun-2011,08-Jul-2011,25,13-Jun-2011,08-Jul-2011,25,0,0,0.00,01-Oct-2016,01-Oct-2016,17-Feb-2017,17-Feb-2017,1,2
823B_As-built,823B-B-IAM-0070,"Installation of Instrumentation - South Zone [PS30.4.3]",TT_Task,,"Instrumentation and Monitoring",30-Apr-2011,14-Jul-2011,75,30-Apr-2011,14-Jul-2011,75,0,0,0.00,01-Oct-2016,01-Oct-2016,17-Feb-2017,17-Feb-2017,1,2
823B_As-built,823B-B-IAM-0080,"Baseline Reading",TT_Task,,"Instrumentation and Monitoring",03-Jun-2011,18-Jul-2011,45,03-Jun-2011,18-Jul-2011,45,0,0,0.00,01-Oct-2016,01-Oct-2016,17-Feb-2017,17-Feb-2017,1,1
823B_As-built,823B-B-IAM-0090,"Submit Baseline Reading Report to the Engineer",TT_Task,,"Instrumentation and Monitoring",10-Jun-2011,20-Jul-2011,40,10-Jun-2011,20-Jul-2011,40,0,0,0.00,01-Oct-2016,01-Oct-2016,17-Feb-2017,17-Feb-2017,1,2
823B_As-built,823B-F-TPR-1120,"Construct base slab of stair area (9m�)",TT_Task,,"Stair ST-05",13-Feb-2012,25-Feb-2012,12,13-Feb-2012,25-Feb-2012,12,0,0,0.00,01-Oct-2016,01-Oct-2016,17-Feb-2017,17-Feb-2017,1,2
823B_As-built,823B-F-TPR-1130,"Construct wall up to +11.55mPD (30m�)",TT_Task,,"Stair ST-05",27-Feb-2012,19-Mar-2012,21,27-Feb-2012,19-Mar-2012,21,0,0,0.00,01-Oct-2016,01-Oct-2016,17-Feb-2017,17-Feb-2017,1,3
823B_As-built,823B-F-TPR-1150,"Construct wall up to +15.15mPD (31m�)",TT_Task,,"Stair ST-05",24-May-2012,04-Aug-2012,72,24-May-2012,04-Aug-2012,72,0,0,0.00,01-Oct-2016,01-Oct-2016,17-Feb-2017,17-Feb-2017,3,1
823B_As-built,823B-F-TPR-1140,"Construct stair up to +11.55mPD (6m�)",TT_Task,,"Stair ST-05",12-Mar-2012,22-Mar-2012,10,12-Mar-2012,22-Mar-2012,10,0,0,0.00,01-Oct-2016,01-Oct-2016,17-Feb-2017,17-Feb-2017,1,1
823B_As-built,823B-F-TPR-1160,"Construct stair up to +15.15mPD (6m�)",TT_Task,,"Stair ST-05",01-Aug-2012,31-Aug-2012,30,01-Aug-2012,31-Aug-2012,30,0,0,0.00,01-Oct-2016,01-Oct-2016,17-Feb-2017,17-Feb-2017,1,1
823B_As-built,823B-F-TPR-1060,"Construct base slab of plant room (58m�)",TT_Task,,"Plant Room",28-Mar-2012,03-Apr-2012,6,28-Mar-2012,03-Apr-2012,6,0,0,0.00,01-Oct-2016,01-Oct-2016,17-Feb-2017,17-Feb-2017,2,2
823B_As-built,823B-F-TPR-1100,"Construct wall up to +11.55mPD (103m�)",TT_Task,,"Plant Room",25-Apr-2012,12-May-2012,17,25-Apr-2012,12-May-2012,17,0,0,0.00,01-Oct-2016,01-Oct-2016,17-Feb-2017,17-Feb-2017,2,1
823B_As-built,823B-F-TPR-1110,"Construct slab at +11.55mPD (2m�)",TT_Task,,"Plant Room",25-Apr-2012,12-May-2012,17,25-Apr-2012,12-May-2012,17,0,0,0.00,01-Oct-2016,01-Oct-2016,17-Feb-2017,17-Feb-2017,2,1
823B_As-built,823B-F-TPR-1070,"Construct wall up to +12.90mPD (38m�)",TT_Task,,"Plant Room",05-Apr-2012,12-May-2012,37,05-Apr-2012,12-May-2012,37,0,0,0.00,01-Oct-2016,01-Oct-2016,17-Feb-2017,17-Feb-2017,1,1
823B_As-built,823B-F-TPR-1080,"Construct slab at +12.90mPD (113m�)",TT_Task,,"Plant Room",16-Apr-2012,21-May-2012,35,16-Apr-2012,21-May-2012,35,0,0,0.00,01-Oct-2016,01-Oct-2016,17-Feb-2017,17-Feb-2017,1,1
823B_As-built,823B-F-TPR-1090,"Construct access cover concrete wall (18m�)",TT_Task,,"Plant Room",18-Apr-2012,12-May-2012,24,18-Apr-2012,12-May-2012,24,0,0,0.00,01-Oct-2016,01-Oct-2016,17-Feb-2017,17-Feb-2017,1,1
823B_As-built,823B-F-TPR-1170,"Waterproofing",TT_Task,,"Backfilling",03-Jul-2012,14-Jul-2012,11,03-Jul-2012,14-Jul-2012,11,0,0,0.00,01-Oct-2016,01-Oct-2016,17-Feb-2017,17-Feb-2017,2,1
823B_As-built,823B-F-TPR-1180,"Backfill to +8.80mPD (120m�)",TT_Task,,"Backfilling",11-Jun-2012,13-Jun-2012,2,11-Jun-2012,13-Jun-2012,2,0,0,0.00,01-Oct-2016,01-Oct-2016,17-Feb-2017,17-Feb-2017,1,1
823B_As-built,823B-F-TPR-1190,"Construct trench for toilet discharge pipe (8m�)",TT_Task,,"Backfilling",13-Jan-2012,03-Jul-2012,172,13-Jan-2012,03-Jul-2012,172,0,0,0.00,01-Oct-2016,01-Oct-2016,17-Feb-2017,17-Feb-2017,1,1
823B_As-built,823B-F-TPR-1200,"Backfill to +10.50mPD (150m�)",TT_Task,,"Backfilling",04-Jul-2012,06-Jul-2012,2,04-Jul-2012,06-Jul-2012,2,0,0,0.00,01-Oct-2016,01-Oct-2016,17-Feb-2017,17-Feb-2017,1,1
823B_As-built,823B-F-TPR-1210,"Backfill to +13.50mPD (200m�)",TT_Task,,"Backfilling",07-Jul-2012,11-Jul-2012,4,07-Jul-2012,11-Jul-2012,4,0,0,0.00,01-Oct-2016,01-Oct-2016,17-Feb-2017,17-Feb-2017,1,1
823B_As-built,823B-F-TPR-1220,"Backfill to +15.00mPD (400m�)",TT_Task,,"Backfilling",20-Aug-2012,25-Aug-2012,5,20-Aug-2012,25-Aug-2012,5,0,0,0.00,01-Oct-2016,01-Oct-2016,17-Feb-2017,17-Feb-2017,1,0
823B_As-built,823B-F-TPR-1010,"Excavate whole area up to +8.80mPD (2,076m�)",TT_Task,,"Excavation",01-Feb-2012,07-Feb-2012,6,01-Feb-2012,07-Feb-2012,6,0,0,0.00,01-Oct-2016,01-Oct-2016,17-Feb-2017,17-Feb-2017,3,1
823B_As-built,823B-F-TPR-1020,"Excavate plant room area up to +7.20mPD (300m�)",TT_Task,,"Excavation",08-Feb-2012,08-Feb-2012,0,08-Feb-2012,08-Feb-2012,,0,,,01-Oct-2016,01-Oct-2016,17-Feb-2017,17-Feb-2017,1,2
823B_As-built,823B-F-TPR-1030,"Excavate stair ST-05 area up to +7.60mPD (78m�)",TT_Task,,"Excavation",09-Feb-2012,09-Feb-2012,0,09-Feb-2012,09-Feb-2012,,0,,,01-Oct-2016,01-Oct-2016,17-Feb-2017,17-Feb-2017,1,1
823B_As-built,823B-F-TPR-1040,"Blinding and bond type waterproofing membrane (stair ST-05)",TT_Task,,"Excavation",10-Feb-2012,11-Feb-2012,1,10-Feb-2012,11-Feb-2012,1,0,0,0.00,01-Oct-2016,01-Oct-2016,17-Feb-2017,17-Feb-2017,1,3
823B_As-built,823B-F-TPR-1050,"Blinding and bond type waterproofing membrane (evacuation plant)",TT_Task,,"Excavation",03-Mar-2012,05-Mar-2012,2,03-Mar-2012,05-Mar-2012,2,0,0,0.00,01-Oct-2016,01-Oct-2016,17-Feb-2017,17-Feb-2017,2,1
823B_As-built,823B-F-SMB-A-3010,"Blockwall",TT_Task,,"@ U2 Level",13-Dec-2012,16-Jan-2013,34,13-Dec-2012,16-Jan-2013,34,0,0,0.00,01-Oct-2016,01-Oct-2016,03-Mar-2014,03-Mar-2014,2,2
823B_As-built,823B-F-SMB-A-3020,"Door frame",TT_Task,,"@ U2 Level",04-Feb-2013,14-Feb-2013,10,23-Jun-2013,30-Jun-2013,7,139,-3,-30.00,01-Oct-2016,01-Oct-2016,03-Mar-2014,03-Mar-2014,2,3
823B_As-built,823B-F-SMB-A-3030,"Door and ironmongery",TT_Task,,"@ U2 Level",01-Sep-2014,22-Sep-2014,21,01-Sep-2014,22-Sep-2014,21,0,0,0.00,01-Oct-2016,01-Oct-2016,03-Mar-2014,03-Mar-2014,3,3
823B_As-built,823B-F-SMB-A-3040,"Metal work (Catladder, cable trench cover, access panel�etc.)",TT_Task,,"@ U2 Level",13-Dec-2012,16-Jan-2013,34,01-Jun-2013,04-Jul-2013,33,170,-1,-2.94,01-Oct-2016,01-Oct-2016,03-Mar-2014,03-Mar-2014,2,2
823B_As-built,823B-F-SMB-A-3050,"Louvre wall structure steel",TT_Task,,"@ U2 Level",13-Dec-2012,02-Feb-2013,51,01-Jun-2013,11-Oct-2013,132,170,81,158.82,01-Oct-2016,01-Oct-2016,03-Mar-2014,03-Mar-2014,2,4
823B_As-built,823B-F-SMB-A-3060,"Louvre frame",TT_Task,,"@ U2 Level",04-Feb-2013,26-Mar-2013,50,12-Oct-2013,23-Nov-2013,42,250,-8,-16.00,01-Oct-2016,01-Oct-2016,03-Mar-2014,03-Mar-2014,1,2
823B_As-built,823B-F-SMB-A-3070,"Louvre blade",TT_Task,,"@ U2 Level",27-Mar-2013,20-Jun-2013,85,25-Nov-2013,24-Mar-2014,119,243,34,40.00,01-Oct-2016,01-Oct-2016,03-Mar-2014,03-Mar-2014,2,3
823B_As-built,823B-F-SMB-A-3080,"Roof Waterproofing system",TT_Task,,"@ U2 Level",04-Feb-2013,25-Mar-2013,49,04-Feb-2013,25-Mar-2013,49,0,0,0.00,01-Oct-2016,01-Oct-2016,17-Feb-2017,17-Feb-2017,2,2
823B_As-built,823B-F-SMB-A-3090,"Protection screed for waterproofing",TT_Task,,"@ U2 Level",07-Feb-2013,28-Mar-2013,49,07-Feb-2013,28-Mar-2013,49,0,0,0.00,01-Oct-2016,01-Oct-2016,17-Feb-2017,17-Feb-2017,1,1
823B_As-built,823B-F-SMB-A-3100,"Wet trade (Rendering, plastering, acreeding)",TT_Task,,"@ U2 Level",15-Feb-2013,20-Mar-2013,33,15-Feb-2013,20-Mar-2013,33,0,0,0.00,01-Oct-2016,01-Oct-2016,03-Mar-2014,03-Mar-2014,2,3
823B_As-built,823B-F-SMB-A-3110,"Ceiling, wall and floor coating",TT_Task,,"@ U2 Level",21-Mar-2013,28-May-2013,68,01-Jun-2013,29-Jun-2013,28,72,-40,-58.82,01-Oct-2016,01-Oct-2016,03-Mar-2014,03-Mar-2014,1,6
823B_As-built,823B-F-SMB-A-3120,"Ceiling, wall and floor final coat",TT_Task,,"@ U2 Level",06-Aug-2013,07-Sep-2013,32,02-Oct-2013,31-Oct-2013,29,57,-3,-9.38,01-Oct-2016,01-Oct-2016,03-Mar-2014,03-Mar-2014,3,3
823B_As-built,823B-F-SMB-A-3130,"Signage",TT_Task,,"@ U2 Level",02-Feb-2015,27-Feb-2015,25,02-Feb-2015,27-Feb-2015,25,0,0,0.00,01-Oct-2016,01-Oct-2016,03-Mar-2014,03-Mar-2014,3,4
823B_As-built,823B-F-SMB-A-3140,"Roof railing",TT_Task,,"@ U2 Level",01-Dec-2012,22-Jan-2013,52,01-Dec-2012,22-Jan-2013,52,0,0,0.00,01-Oct-2016,01-Oct-2016,17-Feb-2017,17-Feb-2017,1,3
823B_As-built,823B-F-SMB-A-3150,"Green roof system",TT_Task,,"@ U2 Level",02-Mar-2015,07-May-2015,66,02-Mar-2015,16-Apr-2015,45,0,-21,-31.82,01-Oct-2016,01-Oct-2016,03-Mar-2014,03-Mar-2014,1,4
823B_As-built,823B-F-SMB-A-2010,"Blockwall",TT_Task,,"@ U1 Level",13-Nov-2012,19-Jan-2013,67,13-Nov-2012,19-Jan-2013,67,0,0,0.00,01-Oct-2016,01-Oct-2016,03-Mar-2014,03-Mar-2014,3,4
823B_As-built,823B-F-SMB-A-2020,"Door frame",TT_Task,,"@ U1 Level",12-Jan-2013,02-Feb-2013,21,01-Jun-2013,24-Jun-2013,23,140,2,9.52,01-Oct-2016,01-Oct-2016,03-Mar-2014,03-Mar-2014,1,3
823B_As-built,823B-F-SMB-A-2030,"Door and ironmongery",TT_Task,,"@ U1 Level",01-Sep-2014,06-Nov-2014,66,01-Sep-2014,30-Sep-2014,29,0,-37,-56.06,01-Oct-2016,01-Oct-2016,03-Mar-2014,03-Mar-2014,4,3
823B_As-built,823B-F-SMB-A-2040,"Metal work (Catladder, cable trench cover, access panel�etc.)",TT_Task,,"@ U1 Level",21-Nov-2012,11-Jan-2013,51,21-Nov-2012,11-Jan-2013,51,0,0,0.00,01-Oct-2016,01-Oct-2016,03-Mar-2014,03-Mar-2014,4,2
823B_As-built,823B-F-SMB-A-2050,"Window and louvre frame",TT_Task,,"@ U1 Level",01-Dec-2012,08-Feb-2013,69,01-Jun-2013,18-Nov-2013,170,182,101,146.38,01-Oct-2016,01-Oct-2016,03-Mar-2014,03-Mar-2014,1,4
823B_As-built,823B-F-SMB-A-2060,"Window glass and louvre blade",TT_Task,,"@ U1 Level",09-Feb-2013,18-Apr-2013,68,02-Sep-2013,24-Mar-2014,203,205,135,198.53,01-Oct-2016,01-Oct-2016,03-Mar-2014,03-Mar-2014,1,2
823B_As-built,823B-F-SMB-A-2070,"Wet trade (Rendering, plastering, acreeding)",TT_Task,,"@ U1 Level",04-Feb-2013,23-Mar-2013,47,04-Feb-2013,23-Mar-2013,47,0,0,0.00,01-Oct-2016,01-Oct-2016,03-Mar-2014,03-Mar-2014,2,2
823B_As-built,823B-F-SMB-A-2080,"Wall and floor tiling",TT_Task,,"@ U1 Level",07-Mar-2013,18-Jun-2013,103,25-Jun-2013,31-Aug-2013,67,110,-36,-34.95,01-Oct-2016,01-Oct-2016,03-Mar-2014,03-Mar-2014,1,7
823B_As-built,823B-F-SMB-A-2090,"Ceiling, wall and floor coating",TT_Task,,"@ U1 Level",23-Mar-2013,18-May-2013,56,02-Sep-2013,28-Oct-2013,56,163,0,0.00,01-Oct-2016,01-Oct-2016,03-Mar-2014,03-Mar-2014,2,5
823B_As-built,823B-F-SMB-A-2100,"Ceiling, wall and floor final coat",TT_Task,,"@ U1 Level",23-Aug-2013,24-Sep-2013,32,02-Oct-2013,31-Oct-2013,29,40,-3,-9.38,01-Oct-2016,01-Oct-2016,03-Mar-2014,03-Mar-2014,6,3
823B_As-built,823B-F-SMB-A-2110,"Celing grid and service panel",TT_Task,,"@ U1 Level",08-Apr-2013,16-May-2013,38,12-Sep-2013,22-Oct-2013,40,157,2,5.26,01-Oct-2016,01-Oct-2016,03-Mar-2014,03-Mar-2014,2,4
823B_As-built,823B-F-SMB-A-2120,"Ceiling panel",TT_Task,,"@ U1 Level",18-May-2013,14-Jun-2013,27,04-Oct-2013,31-Oct-2013,27,139,0,0.00,01-Oct-2016,01-Oct-2016,03-Mar-2014,03-Mar-2014,1,5
823B_As-built,823B-F-SMB-A-2130,"Joinery and furniture",TT_Task,,"@ U1 Level",18-Nov-2014,15-Jan-2015,58,01-Aug-2014,02-Feb-2015,185,-109,127,218.97,01-Oct-2016,01-Oct-2016,17-Feb-2017,17-Feb-2017,2,2
823B_As-built,823B-F-SMB-A-2140,"Signage",TT_Task,,"@ U1 Level",02-Feb-2015,17-Mar-2015,43,02-Feb-2015,28-Feb-2015,26,0,-17,-39.53,01-Oct-2016,01-Oct-2016,03-Mar-2014,03-Mar-2014,3,5
823B_As-built,823B-F-SMB-A-1010,"Door frame",TT_Task,,"@ G/F Level",18-Feb-2013,21-Mar-2013,31,27-Apr-2013,31-May-2013,34,68,3,9.68,01-Oct-2016,01-Oct-2016,17-Feb-2017,17-Feb-2017,2,2
823B_As-built,823B-F-SMB-A-1020,"Door and ironmongery",TT_Task,,"@ G/F Level",01-Sep-2014,08-Nov-2014,68,01-Sep-2014,30-Sep-2014,29,0,-39,-57.35,01-Oct-2016,01-Oct-2016,17-Feb-2017,17-Feb-2017,5,1
823B_As-built,823B-F-SMB-A-1030,"Metal work (Catladder, cable trench cover, access panel�etc.)",TT_Task,,"@ G/F Level",01-Dec-2012,23-Jan-2013,53,01-Jun-2013,25-Jul-2013,54,182,1,1.89,01-Oct-2016,01-Oct-2016,03-Mar-2014,03-Mar-2014,3,3
823B_As-built,823B-F-SMB-A-1040,"Structure steel",TT_Task,,"@ G/F Level",22-Dec-2012,16-Feb-2013,56,01-Jun-2013,29-Jun-2013,28,161,-28,-50.00,01-Oct-2016,01-Oct-2016,17-Feb-2017,17-Feb-2017,6,2
823B_As-built,823B-F-SMB-A-1050,"Window and louvre frame",TT_Task,,"@ G/F Level",26-Feb-2013,06-May-2013,69,01-Jun-2013,16-Nov-2013,168,95,99,143.48,01-Oct-2016,01-Oct-2016,03-Mar-2014,03-Mar-2014,2,3
823B_As-built,823B-F-SMB-A-1060,"Window glass and louvre blade",TT_Task,,"@ G/F Level",07-May-2013,11-Jul-2013,65,02-Sep-2013,25-Mar-2014,204,118,139,213.85,01-Oct-2016,01-Oct-2016,03-Mar-2014,03-Mar-2014,2,4
823B_As-built,823B-F-SMB-A-1070,"Wet trade (Rendering, plastering, screeding)",TT_Task,,"@ G/F Level",24-Jan-2013,28-Mar-2013,63,24-Jan-2013,28-Mar-2013,63,0,0,0.00,01-Oct-2016,01-Oct-2016,03-Mar-2014,03-Mar-2014,1,2
823B_As-built,823B-F-SMB-A-1080,"Wall and floor tiling",TT_Task,,"@ G/F Level",26-Feb-2013,06-Jun-2013,100,24-Jun-2013,20-Aug-2013,57,118,-43,-43.00,01-Oct-2016,01-Oct-2016,03-Mar-2014,03-Mar-2014,1,6
823B_As-built,823B-F-SMB-A-1090,"Ceiling, wall and floor coating",TT_Task,,"@ G/F Level",20-Mar-2013,13-May-2013,54,01-Jun-2013,29-Jun-2013,28,73,-26,-48.15,01-Oct-2016,01-Oct-2016,03-Mar-2014,03-Mar-2014,1,7
823B_As-built,823B-F-SMB-A-1100,"Ceiling, wall and floor final coat",TT_Task,,"@ G/F Level",22-Aug-2013,23-Sep-2013,32,01-Jun-2013,31-Aug-2013,91,-82,59,184.38,01-Oct-2016,01-Oct-2016,03-Mar-2014,03-Mar-2014,4,4
823B_As-built,823B-F-SMB-A-1110,"Celing grid and service panel",TT_Task,,"@ G/F Level",20-Jul-2013,31-Aug-2013,42,01-Jun-2013,29-Jun-2013,28,-49,-14,-33.33,01-Oct-2016,01-Oct-2016,17-Feb-2017,17-Feb-2017,1,3
823B_As-built,823B-F-SMB-A-1120,"Ceiling panel",TT_Task,,"@ G/F Level",12-Jul-2013,21-Aug-2013,40,02-Sep-2013,28-Sep-2013,26,52,-14,-35.00,01-Oct-2016,01-Oct-2016,03-Mar-2014,03-Mar-2014,2,6
823B_As-built,823B-F-SMB-A-1130,"Joinery and furniture",TT_Task,,"@ G/F Level",16-Sep-2014,30-Oct-2014,44,01-Aug-2014,02-Feb-2015,185,-46,141,320.45,01-Oct-2016,01-Oct-2016,17-Feb-2017,17-Feb-2017,3,2
823B_As-built,823B-F-SMB-A-1140,"Signage",TT_Task,,"@ G/F Level",02-Feb-2015,20-Mar-2015,46,02-Feb-2015,28-Feb-2015,26,0,-20,-43.48,01-Oct-2016,01-Oct-2016,03-Mar-2014,03-Mar-2014,2,4
823B_As-built,823B-F-SMB-HP-1010,"Socketed steel H-Pile (3nos.)",TT_Task,,"STRUCTURE",14-Sep-2011,16-Sep-2011,2,14-Sep-2011,16-Sep-2011,2,0,0,0.00,01-Oct-2016,01-Oct-2016,03-Mar-2014,03-Mar-2014,1,2
823B_As-built,823B-F-SMB-HP-1020,"Socketed steel H-Pile (53nos.)",TT_Task,,"STRUCTURE",17-Sep-2011,31-Oct-2011,44,17-Sep-2011,31-Oct-2011,44,0,0,0.00,01-Oct-2016,01-Oct-2016,03-Mar-2014,03-Mar-2014,1,3
823B_As-built,823B-F-SMB-S-1160,"GL AG-AK (96m�)",TT_Task,,"U1 slab at +23.05",16-Jul-2012,28-Jul-2012,12,16-Jul-2012,28-Jul-2012,12,0,0,0.00,01-Oct-2016,01-Oct-2016,03-Mar-2014,03-Mar-2014,1,4
823B_As-built,823B-F-SMB-S-1170,"GL AA-AD (96m�)",TT_Task,,"U1 slab at +23.05",20-Jul-2012,02-Aug-2012,13,20-Jul-2012,02-Aug-2012,13,0,0,0.00,01-Oct-2016,01-Oct-2016,03-Mar-2014,03-Mar-2014,1,5
823B_As-built,823B-F-SMB-S-1180,"GL AD-AG (96m�)",TT_Task,,"U1 slab at +23.05",25-Jul-2012,07-Aug-2012,13,25-Jul-2012,07-Aug-2012,13,0,0,0.00,01-Oct-2016,01-Oct-2016,03-Mar-2014,03-Mar-2014,1,4
823B_As-built,823B-F-SMB-S-1250,"GL AG-AK (96m�)",TT_Task,,"U2 slab at +28.35",03-Sep-2012,15-Sep-2012,12,03-Sep-2012,15-Sep-2012,12,0,0,0.00,01-Oct-2016,01-Oct-2016,03-Mar-2014,03-Mar-2014,1,5
823B_As-built,823B-F-SMB-S-1260,"GL AA-AD (96m�)",TT_Task,,"U2 slab at +28.35",20-Sep-2012,05-Oct-2012,15,20-Sep-2012,05-Oct-2012,15,0,0,0.00,01-Oct-2016,01-Oct-2016,03-Mar-2014,03-Mar-2014,2,5
823B_As-built,823B-F-SMB-S-1270,"GL AD-AG (96m�)",TT_Task,,"U2 slab at +28.35",06-Oct-2012,19-Oct-2012,13,06-Oct-2012,19-Oct-2012,13,0,0,0.00,01-Oct-2016,01-Oct-2016,03-Mar-2014,03-Mar-2014,2,4
823B_As-built,823B-F-SMB-S-1040,"GL AA-AD (152m�)",TT_Task,,"Column from +13.55 to +23.05",30-Jan-2012,20-Feb-2012,21,30-Jan-2012,20-Feb-2012,21,0,0,0.00,01-Oct-2016,01-Oct-2016,03-Mar-2014,03-Mar-2014,1,2
823B_As-built,823B-F-SMB-S-1050,"GL AD-AG (152m�)",TT_Task,,"Column from +13.55 to +23.05",21-Feb-2012,13-Mar-2012,21,21-Feb-2012,13-Mar-2012,21,0,0,0.00,01-Oct-2016,01-Oct-2016,03-Mar-2014,03-Mar-2014,2,1
823B_As-built,823B-F-SMB-S-1060,"GL AG-AK (152m�)",TT_Task,,"Column from +13.55 to +23.05",14-Mar-2012,05-Apr-2012,22,14-Mar-2012,05-Apr-2012,22,0,0,0.00,01-Oct-2016,01-Oct-2016,03-Mar-2014,03-Mar-2014,2,1
823B_As-built,823B-F-SMB-S-1220,"GL AG-AK (120m�)",TT_Task,,"Concrete wall from +26.05 to U2 level +28.35",16-Aug-2012,01-Sep-2012,16,16-Aug-2012,01-Sep-2012,16,0,0,0.00,01-Oct-2016,01-Oct-2016,03-Mar-2014,03-Mar-2014,1,2
823B_As-built,823B-F-SMB-S-1230,"GL AA-AD (120m�)",TT_Task,,"Concrete wall from +26.05 to U2 level +28.35",03-Sep-2012,19-Sep-2012,16,03-Sep-2012,19-Sep-2012,16,0,0,0.00,01-Oct-2016,01-Oct-2016,03-Mar-2014,03-Mar-2014,2,2
823B_As-built,823B-F-SMB-S-1240,"GL AD-AG (120m�)",TT_Task,,"Concrete wall from +26.05 to U2 level +28.35",20-Sep-2012,05-Oct-2012,15,20-Sep-2012,05-Oct-2012,15,0,0,0.00,01-Oct-2016,01-Oct-2016,03-Mar-2014,03-Mar-2014,2,1
823B_As-built,823B-F-SMB-S-1100,"GL AA-AD (160m�)",TT_Task,,"Concrete wall from +15.10 to +19.00",22-Sep-2012,17-Oct-2012,25,22-Sep-2012,17-Oct-2012,25,0,0,0.00,01-Oct-2016,01-Oct-2016,17-Feb-2017,17-Feb-2017,1,2
823B_As-built,823B-F-SMB-S-1110,"GL AD-AG (120m�)",TT_Task,,"Concrete wall from +15.10 to +19.00",18-Oct-2012,05-Nov-2012,18,18-Oct-2012,05-Nov-2012,18,0,0,0.00,01-Oct-2016,01-Oct-2016,17-Feb-2017,17-Feb-2017,2,2
823B_As-built,823B-F-SMB-S-1120,"GL AG-AK (120m�)",TT_Task,,"Concrete wall from +15.10 to +19.00",06-Nov-2012,22-Nov-2012,16,06-Nov-2012,22-Nov-2012,16,0,0,0.00,01-Oct-2016,01-Oct-2016,17-Feb-2017,17-Feb-2017,2,1
823B_As-built,823B-F-SMB-S-1010,"GL AA-AD (134m�)",TT_Task,,"Pile cap and ground beam",03-Jan-2012,21-Jan-2012,18,03-Jan-2012,21-Jan-2012,18,0,0,0.00,01-Oct-2016,01-Oct-2016,03-Mar-2014,03-Mar-2014,1,4
823B_As-built,823B-F-SMB-S-1020,"GL AD-AG (142m�)",TT_Task,,"Pile cap and ground beam",26-Jan-2012,15-Feb-2012,20,26-Jan-2012,15-Feb-2012,20,0,0,0.00,01-Oct-2016,01-Oct-2016,03-Mar-2014,03-Mar-2014,1,4
823B_As-built,823B-F-SMB-S-1030,"GL AG-AK (160m�)",TT_Task,,"Pile cap and ground beam",16-Feb-2012,09-Mar-2012,22,16-Feb-2012,09-Mar-2012,22,0,0,0.00,01-Oct-2016,01-Oct-2016,03-Mar-2014,03-Mar-2014,1,2
823B_As-built,823B-F-SMB-S-1190,"GL AG-AK (120m�)",TT_Task,,"Concrete wall from +23.05 to +26.05",30-Jul-2012,15-Aug-2012,16,30-Jul-2012,15-Aug-2012,16,0,0,0.00,01-Oct-2016,01-Oct-2016,03-Mar-2014,03-Mar-2014,1,2
823B_As-built,823B-F-SMB-S-1200,"GL AA-AD (120m�)",TT_Task,,"Concrete wall from +23.05 to +26.05",16-Aug-2012,01-Sep-2012,16,16-Aug-2012,01-Sep-2012,16,0,0,0.00,01-Oct-2016,01-Oct-2016,03-Mar-2014,03-Mar-2014,2,2
823B_As-built,823B-F-SMB-S-1210,"GL AD-AG (120m�)",TT_Task,,"Concrete wall from +23.05 to +26.05",03-Sep-2012,19-Sep-2012,16,03-Sep-2012,19-Sep-2012,16,0,0,0.00,01-Oct-2016,01-Oct-2016,03-Mar-2014,03-Mar-2014,2,1
823B_As-built,823B-F-SMB-S-1300,"GL AA-AD (80m�)",TT_Task,,"R/F slab at +33.80",18-Oct-2012,30-Oct-2012,12,18-Oct-2012,30-Oct-2012,12,0,0,0.00,01-Oct-2016,01-Oct-2016,03-Mar-2014,03-Mar-2014,1,6
823B_As-built,823B-F-SMB-S-1310,"GL AD-AG (80m�)",TT_Task,,"R/F slab at +33.80",02-Nov-2012,13-Nov-2012,11,02-Nov-2012,13-Nov-2012,11,0,0,0.00,01-Oct-2016,01-Oct-2016,03-Mar-2014,03-Mar-2014,1,7
823B_As-built,823B-F-SMB-S-1070,"GL AA-AD (160m�)",TT_Task,,"Ground floor slab and underground utiity",24-Aug-2012,15-Sep-2012,22,24-Aug-2012,15-Sep-2012,22,0,0,0.00,01-Oct-2016,01-Oct-2016,17-Feb-2017,17-Feb-2017,1,2
823B_As-built,823B-F-SMB-S-1080,"GL AD-AG (120m�)",TT_Task,,"Ground floor slab and underground utiity",29-Aug-2012,14-Sep-2012,16,29-Aug-2012,14-Sep-2012,16,0,0,0.00,01-Oct-2016,01-Oct-2016,17-Feb-2017,17-Feb-2017,1,2
823B_As-built,823B-F-SMB-S-1090,"GL AG-AK (120m�)",TT_Task,,"Ground floor slab and underground utiity",20-Aug-2012,05-Sep-2012,16,20-Aug-2012,05-Sep-2012,16,0,0,0.00,01-Oct-2016,01-Oct-2016,17-Feb-2017,17-Feb-2017,1,2
823B_As-built,823B-F-SMB-S-1130,"GL AA-AD (160m�)",TT_Task,,"Concrete wall from +19.00 to U1 level at +23.05",25-Oct-2012,16-Nov-2012,22,25-Oct-2012,16-Nov-2012,22,0,0,0.00,01-Oct-2016,01-Oct-2016,17-Feb-2017,17-Feb-2017,1,2
823B_As-built,823B-F-SMB-S-1140,"GL AD-AG (120m�)",TT_Task,,"Concrete wall from +19.00 to U1 level at +23.05",17-Nov-2012,04-Dec-2012,17,17-Nov-2012,04-Dec-2012,17,0,0,0.00,01-Oct-2016,01-Oct-2016,17-Feb-2017,17-Feb-2017,2,2
823B_As-built,823B-F-SMB-S-1150,"GL AG-AK (120m�)",TT_Task,,"Concrete wall from +19.00 to U1 level at +23.05",05-Dec-2012,21-Dec-2012,16,05-Dec-2012,30-Jan-2013,56,0,40,250.00,01-Oct-2016,01-Oct-2016,17-Feb-2017,17-Feb-2017,2,2
823B_As-built,823B-F-SMB-S-1280,"GL AA-AD (80m�)",TT_Task,,"Concrete wall and column from +28.35 to R/F at +33.80",06-Oct-2012,17-Oct-2012,11,06-Oct-2012,17-Oct-2012,11,0,0,0.00,01-Oct-2016,01-Oct-2016,03-Mar-2014,03-Mar-2014,1,2
823B_As-built,823B-F-SMB-S-1290,"GL AD-AG (80m�)",TT_Task,,"Concrete wall and column from +28.35 to R/F at +33.80",20-Oct-2012,01-Nov-2012,12,20-Oct-2012,01-Nov-2012,12,0,0,0.00,01-Oct-2016,01-Oct-2016,03-Mar-2014,03-Mar-2014,2,1
823B_As-built,823B-F-SMB-B-1000,"Pipe laying (stormwater system)",TT_Task,,"Builder's Work in Connection with Services",01-Dec-2012,28-Jan-2013,58,01-Dec-2012,28-Jan-2013,58,0,0,0.00,01-Oct-2016,01-Oct-2016,17-Feb-2017,17-Feb-2017,2,2
823B_As-built,823B-F-SMB-B-2000,"Pipe laying (foulwater system)",TT_Task,,"Builder's Work in Connection with Services",29-Jan-2013,28-Mar-2013,58,29-Jan-2013,28-Mar-2013,58,0,0,0.00,01-Oct-2016,01-Oct-2016,17-Feb-2017,17-Feb-2017,1,2
823B_As-built,823B-F-SMB-B-3000,"Earthing (main earthing & lighting protection system)",TT_Task,,"Builder's Work in Connection with Services",15-Feb-2013,28-Mar-2013,41,15-Feb-2013,28-Mar-2013,41,0,0,0.00,01-Oct-2016,01-Oct-2016,17-Feb-2017,17-Feb-2017,2,1
823B_As-built,823B-PD-70010,"Commision the Sewarage System within SSS in Week 13/2014",TT_Task,,"Sewerage System",01-Dec-2015,07-Dec-2015,6,01-Dec-2015,07-Dec-2015,6,0,0,0.00,01-Oct-2016,01-Oct-2016,17-Feb-2017,17-Feb-2017,0,1
823B_As-built,823B-PD-70020,"Provide chemical toilet at Shek Kong Feeder Station in Week 05/2014",TT_Task,,"Sewerage System",27-Jan-2014,02-Feb-2014,6,27-Jan-2014,02-Feb-2014,6,0,0,0.00,01-Oct-2016,01-Oct-2016,17-Feb-2017,17-Feb-2017,0,1
823B_As-built,823B-PD-30010,"Complete all external water works for ERS Plant Buildings within the Site and connect to government water mains",TT_FinMile,,"Utility Connections",30-Sep-2014,30-Sep-2014,0,31-Oct-2014,31-Oct-2014,,31,,,01-Oct-2016,01-Oct-2016,17-Feb-2017,17-Feb-2017,0,0
823B_As-built,823B-PD-30020,"Complete all external water works for other buildings within the Site and connect to government water mains",TT_FinMile,,"Utility Connections",01-Mar-2016,01-Mar-2016,0,01-Mar-2016,01-Mar-2016,,0,,,01-Oct-2016,01-Oct-2016,17-Feb-2017,17-Feb-2017,0,0
823B_As-built,823B-PD-30030,"Complete all external telephone drawpits and ducts within the Site",TT_FinMile,,"Utility Connections",01-Mar-2016,01-Mar-2016,0,01-Mar-2016,01-Mar-2016,,0,,,01-Oct-2016,01-Oct-2016,17-Feb-2017,17-Feb-2017,0,0
823B_As-built,823B-PD-60010,"Complete Engineer's Office and provide office furniture and equipment",TT_Task,,"Engineer's Accomodation",02-Jul-2012,07-Oct-2012,97,02-Jul-2012,07-Oct-2012,97,0,0,0.00,01-Oct-2016,01-Oct-2016,17-Feb-2017,17-Feb-2017,0,0
823B_As-built,823B-PD-10010,"Shek Kong Feeder Station",TT_Mile,,"Schedule of Power On Dates",02-Dec-2013,02-Dec-2013,0,02-Dec-2013,02-Dec-2013,,0,,,01-Oct-2016,01-Oct-2016,17-Feb-2017,17-Feb-2017,16,0
823B_As-built,823B-PD-10020,"ERS Plant Buildings",TT_Mile,,"Schedule of Power On Dates",01-Oct-2016,01-Oct-2016,0,,,,0,,,01-Oct-2016,01-Oct-2016,19-May-2014,19-May-2014,4,0
823B_As-built,823B-PD-10030,"Main Building",TT_Mile,,"Schedule of Power On Dates",01-Oct-2016,01-Oct-2016,0,,,,0,,,01-Oct-2016,01-Oct-2016,03-Mar-2014,03-Mar-2014,6,0
823B_As-built,823B-PD-10040,"Infrastructure, Building Maintenance and P'Way Building",TT_Mile,,"Schedule of Power On Dates",01-Oct-2016,01-Oct-2016,0,,,,0,,,01-Oct-2016,01-Oct-2016,03-Mar-2014,03-Mar-2014,21,0
823B_As-built,823B-PD-10050,"Dangerous Goods Store",TT_Mile,,"Schedule of Power On Dates",01-Oct-2016,01-Oct-2016,0,,,,0,,,01-Oct-2016,01-Oct-2016,02-Jun-2014,02-Jun-2014,12,0
823B_As-built,823B-PD-10060,"Train Wash Building and Train Wash Plant",TT_Mile,,"Schedule of Power On Dates",01-Oct-2016,01-Oct-2016,0,,,,0,,,01-Oct-2016,01-Oct-2016,02-Jun-2014,02-Jun-2014,9,0
823B_As-built,823B-PD-10070,"Diesel Filling Station",TT_Mile,,"Schedule of Power On Dates",01-Oct-2016,01-Oct-2016,0,,,,0,,,01-Oct-2016,01-Oct-2016,02-Jun-2014,02-Jun-2014,7,0
823B_As-built,823B-PD-10080,"132kV / 25kV CLP Power On",TT_Mile,,"Schedule of Power On Dates",03-Feb-2014,03-Feb-2014,0,03-Feb-2014,03-Feb-2014,,0,,,01-Oct-2016,01-Oct-2016,17-Feb-2017,17-Feb-2017,1,0
823B_As-built,823B-PD-10090,"Overhead Lines Power On for stillage tracks and Running Maintenance Shed",TT_Mile,,"Schedule of Power On Dates",01-Oct-2016,01-Oct-2016,0,,,,0,,,01-Oct-2016,01-Oct-2016,30-Jun-2014,30-Jun-2014,2,0
823B_As-built,823B-PD-10100,"Overhead Lines Power On for mainline and SSS",TT_Mile,,"Schedule of Power On Dates",01-Oct-2016,01-Oct-2016,0,,,,0,,,01-Oct-2016,01-Oct-2016,29-Sep-2014,29-Sep-2014,3,0
823B_As-built,823B-PD-40010,"Shek Kong Feeder Station - Power Supply Equipment Rooms",TT_Mile,,"CLP Access Dates Schedule",10-Jun-2013,10-Jun-2013,0,10-Jun-2013,10-Jun-2013,,0,,,01-Oct-2016,01-Oct-2016,17-Feb-2017,17-Feb-2017,13,0
823B_As-built,823B-PD-40020,"ERS Plant Buildings - Power Supply Equipment Rooms",TT_Mile,,"CLP Access Dates Schedule",30-Oct-2014,30-Oct-2014,0,15-Sep-2014,15-Sep-2014,,-45,,,01-Oct-2016,01-Oct-2016,17-Feb-2017,17-Feb-2017,2,0
823B_As-built,823B-PD-40030,"Main Buildings - Power Supply Equipment Rooms",TT_Mile,,"CLP Access Dates Schedule",02-Sep-2013,02-Sep-2013,0,02-Sep-2013,02-Sep-2013,,0,,,01-Oct-2016,01-Oct-2016,17-Feb-2017,17-Feb-2017,9,0
823B_As-built,823B-PD-40040,"Infrastructure, Building Maintenance and Pway Building - Power Supply Equipment Rooms",TT_Mile,,"CLP Access Dates Schedule",29-Jul-2013,29-Jul-2013,0,29-Jul-2013,29-Jul-2013,,0,,,01-Oct-2016,01-Oct-2016,17-Feb-2017,17-Feb-2017,9,0
823B_As-built,823B-PD-50010,"Delivery of Rolling Stock by Contract 840",TT_Task,,"Delivery of Rolling Stocks",24-Feb-2014,05-Oct-2014,223,24-Feb-2014,05-Oct-2014,223,0,0,0.00,01-Oct-2016,01-Oct-2016,17-Feb-2017,17-Feb-2017,0,0
823B_As-built,823B-PD-20010,"Complete temporary diversion of Wang Toi Shan Shan Tsuen Road",TT_FinMile,,"Interface with Contract 823A (Works to be completed by C823A)",28-Aug-2011,28-Aug-2011,0,28-Aug-2011,28-Aug-2011,,0,,,01-Oct-2016,01-Oct-2016,17-Feb-2017,17-Feb-2017,0,0
823B_As-built,823B-PD-20020,"Complete East Culvert connection to the Kam Tin Nullah",TT_FinMile,,"Interface with Contract 823A (Works to be completed by C823A)",31-Mar-2013,31-Mar-2013,0,31-Mar-2013,31-Mar-2013,,0,,,01-Oct-2016,01-Oct-2016,17-Feb-2017,17-Feb-2017,15,0
823B_As-built,823B-A-ADC-0970,"Loco Shed and Infrastructure, and Building Maintenance & Pway Building",TT_Mile,,"860B - Depot Equipment for SSS (Overhead Cranes)",01-Oct-2016,01-Oct-2016,0,,,,0,,,01-Oct-2016,01-Oct-2016,03-Feb-2014,03-Feb-2014,0,0
823B_As-built,823B-A-ADC-0980,"Main Building - SSS Control Centre",TT_Mile,,"860B - Depot Equipment for SSS (Overhead Cranes)",01-Oct-2016,01-Oct-2016,0,,,,0,,,01-Oct-2016,01-Oct-2016,03-Mar-2014,03-Mar-2014,0,0
823B_As-built,823B-A-ADC-0990,"Rail Stillages, FBW Steel Portal, S&C Assembly Storage",TT_Mile,,"860B - Depot Equipment for SSS (Overhead Cranes)",01-Oct-2016,01-Oct-2016,0,,,,0,,,01-Oct-2016,01-Oct-2016,06-Oct-2014,06-Oct-2014,0,0
823B_As-built,823B-A-ADC-0310,"ERS Plant Buildings - Power Supply Electrical Rooms",TT_Mile,,"845 - Traction Power Supply System",01-Oct-2016,01-Oct-2016,0,,,,0,,,01-Oct-2016,01-Oct-2016,17-Mar-2014,17-Mar-2014,0,0
823B_As-built,823B-A-ADC-0320,"Main Building - Power Supply Electrical Rooms",TT_Mile,,"845 - Traction Power Supply System",02-Sep-2013,02-Sep-2013,0,02-Sep-2013,02-Sep-2013,,0,,,01-Oct-2016,01-Oct-2016,17-Feb-2017,17-Feb-2017,0,0
823B_As-built,823B-A-ADC-0330,"Shek Kong Feeder Station",TT_Mile,,"845 - Traction Power Supply System",11-Mar-2013,11-Mar-2013,0,11-Mar-2013,11-Mar-2013,,0,,,01-Oct-2016,01-Oct-2016,17-Feb-2017,17-Feb-2017,0,0
823B_As-built,823B-A-ADC-0340,"Infrastructure, Building Maintenance & Pway Building - Power Supply Electrical Rooms",TT_Mile,,"845 - Traction Power Supply System",29-Jul-2013,29-Jul-2013,0,29-Jul-2013,29-Jul-2013,,0,,,01-Oct-2016,01-Oct-2016,17-Feb-2017,17-Feb-2017,0,0
823B_As-built,823B-A-ADC-0950,"Train Wash Building & Train Wash Plant",TT_Mile,,"860A - Depot Equipment for SSS (Train Wash Plant)",01-Oct-2016,01-Oct-2016,0,,,,0,,,01-Oct-2016,01-Oct-2016,03-Mar-2014,03-Mar-2014,0,0
823B_As-built,823B-A-ADC-0960,"Main Building - SSS Control Centre",TT_Mile,,"860A - Depot Equipment for SSS (Train Wash Plant)",01-Oct-2016,01-Oct-2016,0,,,,0,,,01-Oct-2016,01-Oct-2016,03-Mar-2014,03-Mar-2014,0,0
823B_As-built,823B-A-ADC-0030,"ERS Running Tunnel Area 3-5 (CH123+800 to 124+120), both up and down tracks",TT_Mile,,"830 - Trackwork and Overhead Line System",01-Apr-2013,01-Apr-2013,0,01-Apr-2013,01-Apr-2013,,0,,,01-Oct-2016,01-Oct-2016,17-Feb-2017,17-Feb-2017,0,0
823B_As-built,823B-A-ADC-0040,"Running Maintenance Shed, Rail Stillage & FBW Steel Portal, S&C Assembly Storage & Loco Shed w/in area PA1 as in Annex 1",TT_Mile,,"830 - Trackwork and Overhead Line System",27-May-2013,27-May-2013,0,27-May-2013,27-May-2013,,0,,,01-Oct-2016,01-Oct-2016,17-Feb-2017,17-Feb-2017,0,0
823B_As-built,823B-A-ADC-0050,"Approach tunnel and the shunt neck from portal to southern contract limit",TT_Mile,,"830 - Trackwork and Overhead Line System",31-Aug-2014,31-Aug-2014,0,08-Aug-2014,08-Aug-2014,,-23,,,01-Oct-2016,01-Oct-2016,17-Feb-2017,17-Feb-2017,0,0
823B_As-built,823B-A-ADC-0060,"SSS - Area P2.1 as shown in the Annex 6.1",TT_Mile,,"830 - Trackwork and Overhead Line System",29-Jul-2013,29-Jul-2013,0,29-Jul-2013,29-Jul-2013,,0,,,01-Oct-2016,01-Oct-2016,17-Feb-2017,17-Feb-2017,0,0
823B_As-built,823B-A-ADC-0065,"SSS - Area P2.2 and Works Area 4.19E as shown in the Annex 6.1",TT_Mile,,"830 - Trackwork and Overhead Line System",31-Aug-2014,31-Aug-2014,0,30-Sep-2014,30-Sep-2014,,30,,,01-Oct-2016,01-Oct-2016,17-Feb-2017,17-Feb-2017,0,0
823B_As-built,823B-A-ADC-0080,"Shek Kong Feeder Station",TT_Mile,,"830 - Trackwork and Overhead Line System",11-Mar-2013,11-Mar-2013,0,11-Mar-2013,11-Mar-2013,,0,,,01-Oct-2016,01-Oct-2016,17-Feb-2017,17-Feb-2017,0,0
823B_As-built,823B-A-ADC-0090,"Infrastructure, Building Maintenance & Pway Building",TT_Mile,,"830 - Trackwork and Overhead Line System",29-Jul-2013,29-Jul-2013,0,29-Jul-2013,29-Jul-2013,,0,,,01-Oct-2016,01-Oct-2016,17-Feb-2017,17-Feb-2017,0,0
823B_As-built,823B-A-ADC-0031,"ERS Running Tunnel Area 6-11, both up and down tracks",TT_Mile,,"830 - Trackwork and Overhead Line System",05-Aug-2013,05-Aug-2013,0,01-Oct-2013,01-Oct-2013,,57,,,01-Oct-2016,01-Oct-2016,17-Feb-2017,17-Feb-2017,0,0
823B_As-built,823B-A-ADC-0032,"ERS Running Tunnel Area 1-2, both up and down tracks",TT_Mile,,"830 - Trackwork and Overhead Line System",01-Apr-2014,01-Apr-2014,0,08-Apr-2014,08-Apr-2014,,7,,,01-Oct-2016,01-Oct-2016,17-Feb-2017,17-Feb-2017,0,0
823B_As-built,823B-A-ADC-0070,"SSS - Area P3.1 as shown in the Annex 6.1",TT_Mile,,"830 - Trackwork and Overhead Line System",12-Aug-2013,12-Aug-2013,0,20-Aug-2013,20-Aug-2013,,8,,,01-Oct-2016,01-Oct-2016,17-Feb-2017,17-Feb-2017,0,0
823B_As-built,823B-A-ADC-0075,"SSS - Area P3.2 as shown in the Annex 6.1",TT_Mile,,"830 - Trackwork and Overhead Line System",18-Nov-2013,18-Nov-2013,0,31-Dec-2013,31-Dec-2013,,43,,,01-Oct-2016,01-Oct-2016,17-Feb-2017,17-Feb-2017,0,0
823B_As-built,823B-A-ADC-0100,"All track areas in SSS",TT_Mile,,"840 - Rolling Stocks",01-Mar-2016,01-Mar-2016,0,01-Mar-2016,01-Mar-2016,,0,,,01-Oct-2016,01-Oct-2016,17-Feb-2017,17-Feb-2017,0,0
823B_As-built,823B-A-ADC-0110,"Running Maintenance Shed, Rail Stillages, FBW & Steel Portal, S&C Assembly Storage and Loco Shed",TT_Mile,,"840 - Rolling Stocks",03-Feb-2014,03-Feb-2014,0,03-Feb-2014,03-Feb-2014,,0,,,01-Oct-2016,01-Oct-2016,17-Feb-2017,17-Feb-2017,0,0
823B_As-built,823B-A-ADC-0830,"SSS - Area P2.1 as shown in the Annex 6.1",TT_Mile,,"856 - Building Services for SSS",29-Jul-2013,29-Jul-2013,0,29-Jul-2013,29-Jul-2013,,0,,,01-Oct-2016,01-Oct-2016,17-Feb-2017,17-Feb-2017,0,0
823B_As-built,823B-A-ADC-0840,"SSS - Area P3.1 as shown in the Annex 6.1",TT_Mile,,"856 - Building Services for SSS",12-Aug-2013,12-Aug-2013,0,20-Aug-2013,20-Aug-2013,,8,,,01-Oct-2016,01-Oct-2016,17-Feb-2017,17-Feb-2017,0,0
823B_As-built,823B-A-ADC-0850,"Running Maintenance Shed, Rail Stillages, FBW & Steel Portal, S&C Assembly Storage and Loco Shed",TT_Mile,,"856 - Building Services for SSS",27-May-2013,27-May-2013,0,27-May-2013,27-May-2013,,0,,,01-Oct-2016,01-Oct-2016,17-Feb-2017,17-Feb-2017,0,0
823B_As-built,823B-A-ADC-0860,"Main Building",TT_Mile,,"856 - Building Services for SSS",01-Apr-2013,01-Apr-2013,0,01-Apr-2013,01-Apr-2013,,0,,,01-Oct-2016,01-Oct-2016,17-Feb-2017,17-Feb-2017,0,0
823B_As-built,823B-A-ADC-0870,"Shek Kong Feeder Station",TT_Mile,,"856 - Building Services for SSS",03-Dec-2012,03-Dec-2012,0,03-Dec-2012,03-Dec-2012,,0,,,01-Oct-2016,01-Oct-2016,10-May-2015,10-May-2015,0,1
823B_As-built,823B-A-ADC-0880,"Infrastructure, Building Maintenance & Pway Building",TT_Mile,,"856 - Building Services for SSS",25-Feb-2013,25-Feb-2013,0,25-Feb-2013,25-Feb-2013,,0,,,01-Oct-2016,01-Oct-2016,17-Feb-2017,17-Feb-2017,0,0
823B_As-built,823B-A-ADC-0890,"Dangerous Goods Store",TT_Mile,,"856 - Building Services for SSS",26-Aug-2013,26-Aug-2013,0,26-Aug-2013,26-Aug-2013,,0,,,01-Oct-2016,01-Oct-2016,17-Feb-2017,17-Feb-2017,0,0
823B_As-built,823B-A-ADC-0900,"Train Wash Building & Train Wash Plant",TT_Mile,,"856 - Building Services for SSS",01-Nov-2014,01-Nov-2014,0,31-Oct-2014,31-Oct-2014,,-1,,,01-Oct-2016,01-Oct-2016,17-Feb-2017,17-Feb-2017,0,0
823B_As-built,823B-A-ADC-0910,"Water Pump House",TT_Mile,,"856 - Building Services for SSS",27-May-2013,27-May-2013,0,27-May-2013,27-May-2013,,0,,,01-Oct-2016,01-Oct-2016,17-Feb-2017,17-Feb-2017,0,0
823B_As-built,823B-A-ADC-0920,"Diesel Filling Station",TT_Mile,,"856 - Building Services for SSS",01-Aug-2015,01-Aug-2015,0,08-Dec-2014,08-Dec-2014,,-236,,,01-Oct-2016,01-Oct-2016,17-Feb-2017,17-Feb-2017,0,0
823B_As-built,823B-A-ADC-0930,"Security Operation Centre",TT_Mile,,"856 - Building Services for SSS",27-May-2013,27-May-2013,0,27-May-2013,27-May-2013,,0,,,01-Oct-2016,01-Oct-2016,17-Feb-2017,17-Feb-2017,0,0
823B_As-built,823B-A-ADC-0940,"External Areas",TT_Mile,,"856 - Building Services for SSS",30-Dec-2013,30-Dec-2013,0,30-Dec-2013,30-Dec-2013,,0,,,01-Oct-2016,01-Oct-2016,17-Feb-2017,17-Feb-2017,0,0
823B_As-built,823B-A-ADC-0835,"SSS - Area P2.2 as shown in the Annex 6.1",TT_Mile,,"856 - Building Services for SSS",01-Aug-2015,01-Aug-2015,0,15-Sep-2014,15-Sep-2014,,-320,,,01-Oct-2016,01-Oct-2016,17-Feb-2017,17-Feb-2017,0,0
823B_As-built,823B-A-ADC-0845,"SSS - Area P3.2 as shown in the Annex 6.1",TT_Mile,,"856 - Building Services for SSS",18-Nov-2013,18-Nov-2013,0,31-Dec-2013,31-Dec-2013,,43,,,01-Oct-2016,01-Oct-2016,17-Feb-2017,17-Feb-2017,0,0
823B_As-built,823B-A-ADC-0010,"ERS, northern and southern cut-and-cover tunnels, up tracks",TT_Mile,,"827 -  Supply and Installation of Cross Passage Doors",01-Mar-2016,01-Mar-2016,0,01-Mar-2016,01-Mar-2016,,0,,,01-Oct-2016,01-Oct-2016,17-Feb-2017,17-Feb-2017,0,0
823B_As-built,823B-A-ADC-0020,"ERS, northern and southern cut-and-cover tunnels, down tracks",TT_Mile,,"827 -  Supply and Installation of Cross Passage Doors",01-Mar-2015,01-Mar-2015,0,10-Mar-2014,10-Mar-2014,,-356,,,01-Oct-2016,01-Oct-2016,17-Feb-2017,17-Feb-2017,0,0
823B_As-built,823B-A-ADC-1050,"Running Maintenance Shed, Rail Stillages & FBW Steel Portal, S&C Assembly Storage and Loco Shed",TT_Mile,,"861 - Engineering Vehicles",03-Feb-2014,03-Feb-2014,0,03-Feb-2014,03-Feb-2014,,0,,,01-Oct-2016,01-Oct-2016,17-Feb-2017,17-Feb-2017,0,0
823B_As-built,823B-A-ADC-0650,"ERS Plant Buildings - TER, SER, Corridors and roof",TT_Mile,,"853 - Main Control System",01-Oct-2016,01-Oct-2016,0,,,,0,,,01-Oct-2016,01-Oct-2016,17-Mar-2014,17-Mar-2014,0,0
823B_As-built,823B-A-ADC-0660,"Main Building",TT_Mile,,"853 - Main Control System",02-Dec-2013,02-Dec-2013,0,02-Dec-2013,02-Dec-2013,,0,,,01-Oct-2016,01-Oct-2016,17-Feb-2017,17-Feb-2017,0,0
823B_As-built,823B-A-ADC-0670,"Shek Kong Feeder Station",TT_Mile,,"853 - Main Control System",10-Jun-2013,10-Jun-2013,0,10-Jun-2013,10-Jun-2013,,0,,,01-Oct-2016,01-Oct-2016,17-Feb-2017,17-Feb-2017,0,0
823B_As-built,823B-A-ADC-0680,"Infrastructure, Building Maintenance & Pway Building",TT_Mile,,"853 - Main Control System",28-Oct-2013,28-Oct-2013,0,28-Oct-2013,28-Oct-2013,,0,,,01-Oct-2016,01-Oct-2016,17-Feb-2017,17-Feb-2017,0,0
823B_As-built,823B-A-ADC-0690,"Dangerous Goods Store",TT_Mile,,"853 - Main Control System",01-Oct-2016,01-Oct-2016,0,,,,0,,,01-Oct-2016,01-Oct-2016,03-Mar-2014,03-Mar-2014,0,0
823B_As-built,823B-A-ADC-0700,"Train Wash Building & Train Wash Plant",TT_Mile,,"853 - Main Control System",01-Oct-2016,01-Oct-2016,0,,,,0,,,01-Oct-2016,01-Oct-2016,03-Mar-2014,03-Mar-2014,0,0
823B_As-built,823B-A-ADC-0710,"Water Pump House",TT_Mile,,"853 - Main Control System",01-Oct-2016,01-Oct-2016,0,,,,0,,,01-Oct-2016,01-Oct-2016,03-Mar-2014,03-Mar-2014,0,0
823B_As-built,823B-A-ADC-0720,"Diesel Filling Station",TT_Mile,,"853 - Main Control System",01-Oct-2016,01-Oct-2016,0,,,,0,,,01-Oct-2016,01-Oct-2016,03-Mar-2014,03-Mar-2014,0,0
823B_As-built,823B-A-ADC-0730,"Security Operation Centre",TT_Mile,,"853 - Main Control System",01-Oct-2016,01-Oct-2016,0,,,,0,,,01-Oct-2016,01-Oct-2016,03-Mar-2014,03-Mar-2014,0,0
823B_As-built,823B-A-ADC-0120,"ERS, northern and southern cut-and-cover tunnels, up tracks",TT_Mile,,"841A - Signalling System - Trackside Equipment",01-Oct-2016,01-Oct-2016,0,,,,0,,,01-Oct-2016,01-Oct-2016,06-Jan-2014,06-Jan-2014,0,0
823B_As-built,823B-A-ADC-0130,"Running Maintenance Shed, Rail Stillages, FBW & Steel Portal, S&C Assembly Storage and Loco Shed",TT_Mile,,"841A - Signalling System - Trackside Equipment",03-Feb-2014,03-Feb-2014,0,03-Feb-2014,03-Feb-2014,,0,,,01-Oct-2016,01-Oct-2016,17-Feb-2017,17-Feb-2017,0,0
823B_As-built,823B-A-ADC-0140,"All track areas in SSS",TT_Mile,,"841A - Signalling System - Trackside Equipment",01-Oct-2016,01-Oct-2016,0,,,,0,,,01-Oct-2016,01-Oct-2016,10-Mar-2014,10-Mar-2014,0,0
823B_As-built,823B-A-ADC-0150,"Approach tunnel and the shunt neckup track, from portal to southern contract limit",TT_Mile,,"841A - Signalling System - Trackside Equipment",01-Oct-2016,01-Oct-2016,0,,,,0,,,01-Oct-2016,01-Oct-2016,26-May-2014,26-May-2014,0,0
823B_As-built,823B-A-ADC-0160,"ERS Plant Buildings (North and South) - SER",TT_Mile,,"841A - Signalling System - Trackside Equipment",01-Oct-2016,01-Oct-2016,0,,,,0,,,01-Oct-2016,01-Oct-2016,17-Mar-2014,17-Mar-2014,0,0
823B_As-built,823B-A-ADC-0170,"Main Building - SER, SSS Control Centre",TT_Mile,,"841A - Signalling System - Trackside Equipment",02-Dec-2013,02-Dec-2013,0,02-Dec-2013,02-Dec-2013,,0,,,01-Oct-2016,01-Oct-2016,17-Feb-2017,17-Feb-2017,0,0
823B_As-built,823B-A-ADC-0125,"ERS, northern and southern cut-and-cover tunnels, down tracks",TT_Mile,,"841A - Signalling System - Trackside Equipment",01-Oct-2016,01-Oct-2016,0,,,,0,,,01-Oct-2016,01-Oct-2016,24-Feb-2014,24-Feb-2014,0,0
823B_As-built,823B-A-ADC-0145,"Approach tunnel, down track, from portal to southern contract limit",TT_Mile,,"841A - Signalling System - Trackside Equipment",01-Oct-2016,01-Oct-2016,0,,,,0,,,01-Oct-2016,01-Oct-2016,10-Mar-2014,10-Mar-2014,0,0
823B_As-built,823B-A-ADC-0820,"ERS Plant Buildings",TT_Mile,,"855 - Building Services for Tunnel Ventilation Buildings and Emergency Rescue Siding",01-Oct-2016,01-Oct-2016,0,,,,0,,,01-Oct-2016,01-Oct-2016,18-Nov-2013,18-Nov-2013,0,0
823B_As-built,823B-A-ADC-0240,"ERS Plant Building - TVF Room, Tunnel ECS Control Room, Boost Up Transformer Room, Air Compressor and Receiver Room",TT_Mile,,"843 - Tunnel Environmental Control System",01-Oct-2016,01-Oct-2016,0,,,,0,,,01-Oct-2016,01-Oct-2016,17-Mar-2014,17-Mar-2014,0,0
823B_As-built,823B-A-ADC-0740,"Main Building",TT_Mile,,"854 - Security Access Management System (SAMS)",01-Oct-2016,01-Oct-2016,0,,,,0,,,01-Oct-2016,01-Oct-2016,30-Jun-2014,30-Jun-2014,0,0
823B_As-built,823B-A-ADC-0750,"Shek Kong Feeder Station",TT_Mile,,"854 - Security Access Management System (SAMS)",02-Dec-2013,02-Dec-2013,0,02-Dec-2013,02-Dec-2013,,0,,,01-Oct-2016,01-Oct-2016,17-Feb-2017,17-Feb-2017,0,0
823B_As-built,823B-A-ADC-0760,"Infrastructure, Building Maintenance & Pway Building",TT_Mile,,"854 - Security Access Management System (SAMS)",01-Oct-2016,01-Oct-2016,0,,,,0,,,01-Oct-2016,01-Oct-2016,30-Jun-2014,30-Jun-2014,0,0
823B_As-built,823B-A-ADC-0770,"Dangerous Goods Store",TT_Mile,,"854 - Security Access Management System (SAMS)",01-Oct-2016,01-Oct-2016,0,,,,0,,,01-Oct-2016,01-Oct-2016,30-Jun-2014,30-Jun-2014,0,0
823B_As-built,823B-A-ADC-0780,"Train Wash Building & Train Wash Plant",TT_Mile,,"854 - Security Access Management System (SAMS)",01-Oct-2016,01-Oct-2016,0,,,,0,,,01-Oct-2016,01-Oct-2016,30-Jun-2014,30-Jun-2014,0,0
823B_As-built,823B-A-ADC-0790,"Water Pump House",TT_Mile,,"854 - Security Access Management System (SAMS)",01-Oct-2016,01-Oct-2016,0,,,,0,,,01-Oct-2016,01-Oct-2016,30-Jun-2014,30-Jun-2014,0,0
823B_As-built,823B-A-ADC-0800,"Diesel Filling Station",TT_Mile,,"854 - Security Access Management System (SAMS)",01-Oct-2016,01-Oct-2016,0,,,,0,,,01-Oct-2016,01-Oct-2016,30-Jun-2014,30-Jun-2014,0,0
823B_As-built,823B-A-ADC-0810,"Security Operation Centre",TT_Mile,,"854 - Security Access Management System (SAMS)",01-Oct-2016,01-Oct-2016,0,,,,0,,,01-Oct-2016,01-Oct-2016,30-Jun-2014,30-Jun-2014,0,0
823B_As-built,823B-A-ADC-0380,"ERS Plant Buildings - Lift Shaft",TT_Mile,,"847 - Lifts",01-Oct-2016,01-Oct-2016,0,,,,0,,,01-Oct-2016,01-Oct-2016,17-Mar-2014,17-Mar-2014,0,0
823B_As-built,823B-A-ADC-0390,"Main Building - Lift Shaft",TT_Mile,,"847 - Lifts",02-Sep-2013,02-Sep-2013,0,02-Sep-2013,02-Sep-2013,,0,,,01-Oct-2016,01-Oct-2016,17-Feb-2017,17-Feb-2017,0,0
823B_As-built,823B-A-ADC-1020,"Shunt Neck",TT_Mile,,"860D - Depot Equipment for SSS (Wheel Monitoring System)",01-Oct-2016,01-Oct-2016,0,,,,0,,,01-Oct-2016,01-Oct-2016,26-May-2014,26-May-2014,0,0
823B_As-built,823B-A-ADC-1030,"Main Building - SSS Control Centre",TT_Mile,,"860D - Depot Equipment for SSS (Wheel Monitoring System)",01-Oct-2016,01-Oct-2016,0,,,,0,,,01-Oct-2016,01-Oct-2016,03-Mar-2014,03-Mar-2014,0,0
823B_As-built,823B-A-ADC-1040,"Infrastructure, Building Maintenance & Pway Building",TT_Mile,,"860E - Depot Equipment for SSS (Miscellaneous)",28-Oct-2013,28-Oct-2013,0,28-Oct-2013,28-Oct-2013,,0,,,01-Oct-2016,01-Oct-2016,17-Feb-2017,17-Feb-2017,0,0
823B_As-built,823B-A-ADC-0400,"ERS, northern and southern cut-and-cover tunnels, up tracks",TT_Mile,,"849 - Radio Communications System",01-Oct-2016,01-Oct-2016,0,,,,0,,,01-Oct-2016,01-Oct-2016,06-Jan-2014,06-Jan-2014,0,0
823B_As-built,823B-A-ADC-0410,"All track areas in SSS",TT_Mile,,"849 - Radio Communications System",01-Oct-2016,01-Oct-2016,0,,,,0,,,01-Oct-2016,01-Oct-2016,10-Mar-2014,10-Mar-2014,0,0
823B_As-built,823B-A-ADC-0420,"Approach tunnel, down track, from portal to southern contract limit",TT_Mile,,"849 - Radio Communications System",01-Oct-2016,01-Oct-2016,0,,,,0,,,01-Oct-2016,01-Oct-2016,10-Mar-2014,10-Mar-2014,0,0
823B_As-built,823B-A-ADC-0430,"Running Maintenance Shed, Rail Stillages, FBW & Steel Portal, S&C Assembly Storage and Loco Shed",TT_Mile,,"849 - Radio Communications System",03-Feb-2014,03-Feb-2014,0,03-Feb-2014,03-Feb-2014,,0,,,01-Oct-2016,01-Oct-2016,17-Feb-2017,17-Feb-2017,0,0
823B_As-built,823B-A-ADC-0440,"ERS Plant Buildings - TER, SER, Corridors and roof",TT_Mile,,"849 - Radio Communications System",01-Oct-2016,01-Oct-2016,0,,,,0,,,01-Oct-2016,01-Oct-2016,17-Mar-2014,17-Mar-2014,0,0
823B_As-built,823B-A-ADC-0450,"Main Building - TER, SER, Corridors and roof",TT_Mile,,"849 - Radio Communications System",02-Dec-2013,02-Dec-2013,0,02-Dec-2013,02-Dec-2013,,0,,,01-Oct-2016,01-Oct-2016,17-Feb-2017,17-Feb-2017,0,0
823B_As-built,823B-A-ADC-0460,"Shek Kong Feeder Station",TT_Mile,,"849 - Radio Communications System",10-Jun-2013,10-Jun-2013,0,10-Jun-2013,10-Jun-2013,,0,,,01-Oct-2016,01-Oct-2016,17-Feb-2017,17-Feb-2017,0,0
823B_As-built,823B-A-ADC-0470,"Infrastructure, Building Maintenance & Pway Building",TT_Mile,,"849 - Radio Communications System",28-Oct-2013,28-Oct-2013,0,28-Oct-2013,28-Oct-2013,,0,,,01-Oct-2016,01-Oct-2016,17-Feb-2017,17-Feb-2017,0,0
823B_As-built,823B-A-ADC-0480,"Train Wash Building & Train Wash Plant",TT_Mile,,"849 - Radio Communications System",01-Oct-2016,01-Oct-2016,0,,,,0,,,01-Oct-2016,01-Oct-2016,03-Mar-2014,03-Mar-2014,0,0
823B_As-built,823B-A-ADC-0490,"Security Operation Centre",TT_Mile,,"849 - Radio Communications System",01-Oct-2016,01-Oct-2016,0,,,,0,,,01-Oct-2016,01-Oct-2016,03-Mar-2014,03-Mar-2014,0,0
823B_As-built,823B-A-ADC-0405,"ERS, northern and southern cut-and-cover tunnels, down tracks",TT_Mile,,"849 - Radio Communications System",01-Oct-2016,01-Oct-2016,0,,,,0,,,01-Oct-2016,01-Oct-2016,24-Feb-2014,24-Feb-2014,0,0
823B_As-built,823B-A-ADC-0425,"Approach tunnel and the shunt neckup track, from portal to southern contract limit",TT_Mile,,"849 - Radio Communications System",01-Oct-2016,01-Oct-2016,0,,,,0,,,01-Oct-2016,01-Oct-2016,26-May-2014,26-May-2014,0,0
823B_As-built,823B-A-ADC-0250,"ERS, northern and southern cut-and-cover tunnels, up tracks",TT_Mile,,"844 - 11 kV Power Distribution",01-Oct-2016,01-Oct-2016,0,,,,0,,,01-Oct-2016,01-Oct-2016,06-Jan-2014,06-Jan-2014,0,0
823B_As-built,823B-A-ADC-0260,"Approach tunnel, down track, from portal to southern contract limit",TT_Mile,,"844 - 11 kV Power Distribution",01-Oct-2016,01-Oct-2016,0,,,,0,,,01-Oct-2016,01-Oct-2016,10-Mar-2014,10-Mar-2014,0,0
823B_As-built,823B-A-ADC-0270,"ERS Plant Buildings - Power Supply Electrical Rooms",TT_Mile,,"844 - 11 kV Power Distribution",01-Oct-2016,01-Oct-2016,0,,,,0,,,01-Oct-2016,01-Oct-2016,17-Mar-2014,17-Mar-2014,0,0
823B_As-built,823B-A-ADC-0280,"Main Building - Power Supply Electrical Rooms",TT_Mile,,"844 - 11 kV Power Distribution",02-Sep-2013,02-Sep-2013,0,02-Sep-2013,02-Sep-2013,,0,,,01-Oct-2016,01-Oct-2016,17-Feb-2017,17-Feb-2017,0,0
823B_As-built,823B-A-ADC-0290,"Shek Kong Feeder Station",TT_Mile,,"844 - 11 kV Power Distribution",11-Mar-2013,11-Mar-2013,0,11-Mar-2013,11-Mar-2013,,0,,,01-Oct-2016,01-Oct-2016,17-Feb-2017,17-Feb-2017,0,0
823B_As-built,823B-A-ADC-0300,"Infrastructure, Building Maintenance & Pway Building - Power Supply Electrical Rooms",TT_Mile,,"844 - 11 kV Power Distribution",29-Jul-2013,29-Jul-2013,0,29-Jul-2013,29-Jul-2013,,0,,,01-Oct-2016,01-Oct-2016,17-Feb-2017,17-Feb-2017,0,0
823B_As-built,823B-A-ADC-0255,"ERS, northern and southern cut-and-cover tunnels, down tracks",TT_Mile,,"844 - 11 kV Power Distribution",01-Oct-2016,01-Oct-2016,0,,,,0,,,01-Oct-2016,01-Oct-2016,24-Feb-2014,24-Feb-2014,0,0
823B_As-built,823B-A-ADC-0265,"Approach tunnel and the shunt neckup track, from portal to southern contract limit",TT_Mile,,"844 - 11 kV Power Distribution",01-Oct-2016,01-Oct-2016,0,,,,0,,,01-Oct-2016,01-Oct-2016,26-May-2014,26-May-2014,0,0
823B_As-built,823B-A-ADC-0520,"ERS, northern and southern cut-and-cover tunnels, up tracks",TT_Mile,,"851 - Fixed Communication System",01-Oct-2016,01-Oct-2016,0,,,,0,,,01-Oct-2016,01-Oct-2016,06-Jan-2014,06-Jan-2014,0,0
823B_As-built,823B-A-ADC-0530,"All track areas in SSS",TT_Mile,,"851 - Fixed Communication System",01-Oct-2016,01-Oct-2016,0,,,,0,,,01-Oct-2016,01-Oct-2016,10-Mar-2014,10-Mar-2014,0,0
823B_As-built,823B-A-ADC-0540,"Approach tunnel, down track, from portal to southern contract limit",TT_Mile,,"851 - Fixed Communication System",01-Oct-2016,01-Oct-2016,0,,,,0,,,01-Oct-2016,01-Oct-2016,10-Mar-2014,10-Mar-2014,0,0
823B_As-built,823B-A-ADC-0550,"Running Maintenance Shed, Rail Stillages, FBW & Steel Portal, S&C Assembly Storage and Loco Shed",TT_Mile,,"851 - Fixed Communication System",03-Feb-2014,03-Feb-2014,0,03-Feb-2014,03-Feb-2014,,0,,,01-Oct-2016,01-Oct-2016,17-Feb-2017,17-Feb-2017,0,0
823B_As-built,823B-A-ADC-0560,"ERS Plant Buildings - TER, SER, Corridors and roof",TT_Mile,,"851 - Fixed Communication System",01-Oct-2016,01-Oct-2016,0,,,,0,,,01-Oct-2016,01-Oct-2016,17-Mar-2014,17-Mar-2014,0,0
823B_As-built,823B-A-ADC-0570,"Main Building",TT_Mile,,"851 - Fixed Communication System",02-Dec-2013,02-Dec-2013,0,02-Dec-2013,02-Dec-2013,,0,,,01-Oct-2016,01-Oct-2016,17-Feb-2017,17-Feb-2017,0,0
823B_As-built,823B-A-ADC-0580,"Shek Kong Feeder Station",TT_Mile,,"851 - Fixed Communication System",10-Jun-2013,10-Jun-2013,0,10-Jun-2013,10-Jun-2013,,0,,,01-Oct-2016,01-Oct-2016,17-Feb-2017,17-Feb-2017,0,0
823B_As-built,823B-A-ADC-0590,"Infrastructure, Building Maintenance & Pway Building",TT_Mile,,"851 - Fixed Communication System",28-Oct-2013,28-Oct-2013,0,28-Oct-2013,28-Oct-2013,,0,,,01-Oct-2016,01-Oct-2016,17-Feb-2017,17-Feb-2017,0,0
823B_As-built,823B-A-ADC-0600,"Dangerous Goods Store",TT_Mile,,"851 - Fixed Communication System",01-Oct-2016,01-Oct-2016,0,,,,0,,,01-Oct-2016,01-Oct-2016,03-Mar-2014,03-Mar-2014,0,0
823B_As-built,823B-A-ADC-0610,"Train Wash Building & Train Wash Plant",TT_Mile,,"851 - Fixed Communication System",01-Oct-2016,01-Oct-2016,0,,,,0,,,01-Oct-2016,01-Oct-2016,03-Mar-2014,03-Mar-2014,0,0
823B_As-built,823B-A-ADC-0620,"Water Pump House",TT_Mile,,"851 - Fixed Communication System",01-Oct-2016,01-Oct-2016,0,,,,0,,,01-Oct-2016,01-Oct-2016,03-Mar-2014,03-Mar-2014,0,0
823B_As-built,823B-A-ADC-0630,"Diesel Filling Station",TT_Mile,,"851 - Fixed Communication System",01-Oct-2016,01-Oct-2016,0,,,,0,,,01-Oct-2016,01-Oct-2016,03-Mar-2014,03-Mar-2014,0,0
823B_As-built,823B-A-ADC-0640,"Security Operation Centre",TT_Mile,,"851 - Fixed Communication System",01-Oct-2016,01-Oct-2016,0,,,,0,,,01-Oct-2016,01-Oct-2016,03-Mar-2014,03-Mar-2014,0,0
823B_As-built,823B-A-ADC-0525,"ERS, northern and southern cut-and-cover tunnels, down tracks",TT_Mile,,"851 - Fixed Communication System",01-Oct-2016,01-Oct-2016,0,,,,0,,,01-Oct-2016,01-Oct-2016,24-Feb-2014,24-Feb-2014,0,0
823B_As-built,823B-A-ADC-0545,"Approach tunnel and the shunt neckup track, from portal to southern contract limit",TT_Mile,,"851 - Fixed Communication System",01-Oct-2016,01-Oct-2016,0,,,,0,,,01-Oct-2016,01-Oct-2016,26-May-2014,26-May-2014,0,0
823B_As-built,823B-A-ADC-0350,"ERS, northern and southern cut-and-cover tunnels, up tracks",TT_Mile,,"846 - Trackside Auxiliaries",01-Oct-2016,01-Oct-2016,0,,,,0,,,01-Oct-2016,01-Oct-2016,06-Jan-2014,06-Jan-2014,0,0
823B_As-built,823B-A-ADC-0360,"Approach tunnel, down track, from portal to southern contract limit",TT_Mile,,"846 - Trackside Auxiliaries",01-Oct-2016,01-Oct-2016,0,,,,0,,,01-Oct-2016,01-Oct-2016,10-Mar-2014,10-Mar-2014,0,0
823B_As-built,823B-A-ADC-0370,"ERS Plant Buildings - Trackside LV Switch Room",TT_Mile,,"846 - Trackside Auxiliaries",01-Oct-2016,01-Oct-2016,0,,,,0,,,01-Oct-2016,01-Oct-2016,17-Mar-2014,17-Mar-2014,0,0
823B_As-built,823B-A-ADC-0355,"ERS, northern and southern cut-and-cover tunnels, down tracks",TT_Mile,,"846 - Trackside Auxiliaries",01-Oct-2016,01-Oct-2016,0,,,,0,,,01-Oct-2016,01-Oct-2016,24-Feb-2014,24-Feb-2014,0,0
823B_As-built,823B-A-ADC-0365,"Approach tunnel and the shunt neckup track, from portal to southern contract limit",TT_Mile,,"846 - Trackside Auxiliaries",01-Oct-2016,01-Oct-2016,0,,,,0,,,01-Oct-2016,01-Oct-2016,26-May-2014,26-May-2014,0,0
823B_As-built,823B-A-ADC-0500,"ERS, northern and southern cut-and-cover tunnels, up tracks",TT_Mile,,"850 - Passenger Mobile Communications Systems",01-Oct-2016,01-Oct-2016,0,,,,0,,,01-Oct-2016,01-Oct-2016,06-Jan-2014,06-Jan-2014,0,0
823B_As-built,823B-A-ADC-0510,"Approach tunnel, down track, from portal to southern contract limit",TT_Mile,,"850 - Passenger Mobile Communications Systems",01-Oct-2016,01-Oct-2016,0,,,,0,,,01-Oct-2016,01-Oct-2016,10-Mar-2014,10-Mar-2014,0,0
823B_As-built,823B-A-ADC-0505,"ERS, northern and southern cut-and-cover tunnels, down tracks",TT_Mile,,"850 - Passenger Mobile Communications Systems",01-Oct-2016,01-Oct-2016,0,,,,0,,,01-Oct-2016,01-Oct-2016,24-Feb-2014,24-Feb-2014,0,0
823B_As-built,823B-A-ADC-0515,"Approach tunnel and the shunt neckup track, from portal to southern contract limit",TT_Mile,,"850 - Passenger Mobile Communications Systems",01-Oct-2016,01-Oct-2016,0,,,,0,,,01-Oct-2016,01-Oct-2016,26-May-2014,26-May-2014,0,0
823B_As-built,823B-A-ADC-0180,"ERS, northern and southern cut-and-cover tunnels, up tracks",TT_Mile,,"841B - Signalling System - Train Borne Equipment",01-Oct-2016,01-Oct-2016,0,,,,0,,,01-Oct-2016,01-Oct-2016,06-Jan-2014,06-Jan-2014,0,0
823B_As-built,823B-A-ADC-0190,"All track areas in SSS",TT_Mile,,"841B - Signalling System - Train Borne Equipment",01-Oct-2016,01-Oct-2016,0,,,,0,,,01-Oct-2016,01-Oct-2016,10-Mar-2014,10-Mar-2014,0,0
823B_As-built,823B-A-ADC-0200,"Approach tunnel, down track, from portal to southern contract limit",TT_Mile,,"841B - Signalling System - Train Borne Equipment",01-Oct-2016,01-Oct-2016,0,,,,0,,,01-Oct-2016,01-Oct-2016,10-Mar-2014,10-Mar-2014,0,0
823B_As-built,823B-A-ADC-0210,"Approach tunnel and the shunt neckup track, from portal to southern contract limit",TT_Mile,,"841B - Signalling System - Train Borne Equipment",01-Oct-2016,01-Oct-2016,0,,,,0,,,01-Oct-2016,01-Oct-2016,26-May-2014,26-May-2014,0,0
823B_As-built,823B-A-ADC-0220,"ERS Plant Buildings - SER",TT_Mile,,"841B - Signalling System - Train Borne Equipment",01-Oct-2016,01-Oct-2016,0,,,,0,,,01-Oct-2016,01-Oct-2016,17-Mar-2014,17-Mar-2014,0,0
823B_As-built,823B-A-ADC-0230,"Main Building - SER, SSS Control Centre",TT_Mile,,"841B - Signalling System - Train Borne Equipment",02-Dec-2013,02-Dec-2013,0,02-Dec-2013,02-Dec-2013,,0,,,01-Oct-2016,01-Oct-2016,17-Feb-2017,17-Feb-2017,0,0
823B_As-built,823B-A-ADC-0185,"ERS, northern and southern cut-and-cover tunnels, down tracks",TT_Mile,,"841B - Signalling System - Train Borne Equipment",01-Oct-2016,01-Oct-2016,0,,,,0,,,01-Oct-2016,01-Oct-2016,24-Feb-2014,24-Feb-2014,0,0
823B_As-built,823B-A-ADC-1000,"Running Maintenance Shed",TT_Mile,,"860C - Depot Equipment for SSS (Train Sewage Suction System)",27-May-2013,27-May-2013,0,27-May-2013,27-May-2013,,0,,,01-Oct-2016,01-Oct-2016,17-Feb-2017,17-Feb-2017,0,0
823B_As-built,823B-A-ADC-1010,"Main Building - SSS Control Centre",TT_Mile,,"860C - Depot Equipment for SSS (Train Sewage Suction System)",01-Oct-2016,01-Oct-2016,0,,,,0,,,01-Oct-2016,01-Oct-2016,03-Mar-2014,03-Mar-2014,0,0
823B_As-built,823B-J-SPS-1000,"Excavation",TT_Task,,"Foulwater Sump Pit (FSP No. 2)",06-Dec-2012,11-Dec-2012,5,06-Dec-2012,11-Dec-2012,5,0,0,0.00,01-Oct-2016,01-Oct-2016,09-Apr-2015,09-Apr-2015,1,1
823B_As-built,823B-J-SPS-1010,"Blinding",TT_Task,,"Foulwater Sump Pit (FSP No. 2)",12-Dec-2012,13-Dec-2012,1,12-Dec-2012,13-Dec-2012,1,0,0,0.00,01-Oct-2016,01-Oct-2016,09-Apr-2015,09-Apr-2015,1,1
823B_As-built,823B-J-SPS-1020,"Base slab",TT_Task,,"Foulwater Sump Pit (FSP No. 2)",14-Dec-2012,21-Dec-2012,7,14-Dec-2012,21-Dec-2012,7,0,0,0.00,01-Oct-2016,01-Oct-2016,09-Apr-2015,09-Apr-2015,1,1
823B_As-built,823B-J-SPS-1030,"Wall",TT_Task,,"Foulwater Sump Pit (FSP No. 2)",22-Dec-2012,18-Jan-2013,27,22-Dec-2012,18-Jan-2013,27,0,0,0.00,01-Oct-2016,01-Oct-2016,09-Apr-2015,09-Apr-2015,1,3
823B_As-built,823B-J-SPS-1040,"Roof",TT_Task,,"Foulwater Sump Pit (FSP No. 2)",19-Jan-2013,26-Jan-2013,7,19-Jan-2013,26-Jan-2013,7,0,0,0.00,01-Oct-2016,01-Oct-2016,09-Apr-2015,09-Apr-2015,1,2
823B_As-built,823B-J-SPS-1050,"Base slab (gate valves pit)",TT_Task,,"Foulwater Sump Pit (FSP No. 2)",19-Jan-2013,26-Jan-2013,7,19-Jan-2013,26-Jan-2013,7,0,0,0.00,01-Oct-2016,01-Oct-2016,09-Apr-2015,09-Apr-2015,1,1
823B_As-built,823B-J-SPS-1060,"Walls (gate valves pit)",TT_Task,,"Foulwater Sump Pit (FSP No. 2)",28-Jan-2013,04-Feb-2013,7,28-Jan-2013,04-Feb-2013,7,0,0,0.00,01-Oct-2016,01-Oct-2016,09-Apr-2015,09-Apr-2015,1,1
823B_As-built,823B-J-SPS-1070,"Roof (gate valves pit)",TT_Task,,"Foulwater Sump Pit (FSP No. 2)",05-Feb-2013,15-Feb-2013,10,05-Feb-2013,15-Feb-2013,10,0,0,0.00,01-Oct-2016,01-Oct-2016,09-Apr-2015,09-Apr-2015,1,2
823B_As-built,823B-J-SPS-1080,"Waterproofing",TT_Task,,"Foulwater Sump Pit (FSP No. 2)",06-Feb-2013,16-Feb-2013,10,06-Feb-2013,16-Feb-2013,10,0,0,0.00,01-Oct-2016,01-Oct-2016,09-Apr-2015,09-Apr-2015,1,2
823B_As-built,823B-J-SPS-1090,"Backfilling",TT_Task,,"Foulwater Sump Pit (FSP No. 2)",16-Feb-2013,20-Feb-2013,4,16-Feb-2013,20-Feb-2013,4,0,0,0.00,01-Oct-2016,01-Oct-2016,09-Apr-2015,09-Apr-2015,3,1
823B_As-built,823B-J-SPS-1100,"Cat ladders and other ancilliary works",TT_Task,,"Foulwater Sump Pit (FSP No. 2)",26-Feb-2013,13-Mar-2013,15,26-Feb-2013,13-Mar-2013,15,0,0,0.00,01-Oct-2016,01-Oct-2016,09-Apr-2015,09-Apr-2015,2,2
823B_As-built,823B-J-SHT-1000,"Sheet piling",TT_Task,,"Sewage Holding Tank",01-Dec-2012,05-Dec-2012,4,01-Dec-2012,05-Dec-2012,4,0,0,0.00,01-Oct-2016,01-Oct-2016,09-Apr-2015,09-Apr-2015,2,1
823B_As-built,823B-J-SHT-1010,"Excavation",TT_Task,,"Sewage Holding Tank",06-Dec-2012,02-Jan-2013,27,06-Dec-2012,02-Jan-2013,27,0,0,0.00,01-Oct-2016,01-Oct-2016,09-Apr-2015,09-Apr-2015,1,2
823B_As-built,823B-J-SHT-1020,"Blinding concrete",TT_Task,,"Sewage Holding Tank",03-Jan-2013,04-Jan-2013,1,03-Jan-2013,04-Jan-2013,1,0,0,0.00,01-Oct-2016,01-Oct-2016,09-Apr-2015,09-Apr-2015,1,1
823B_As-built,823B-J-SHT-1030,"Base slab",TT_Task,,"Sewage Holding Tank",05-Jan-2013,23-Jan-2013,18,05-Jan-2013,23-Jan-2013,18,0,0,0.00,01-Oct-2016,01-Oct-2016,09-Apr-2015,09-Apr-2015,1,1
823B_As-built,823B-J-SHT-1040,"Walls",TT_Task,,"Sewage Holding Tank",24-Jan-2013,14-Feb-2013,21,24-Jan-2013,14-Feb-2013,21,0,0,0.00,01-Oct-2016,01-Oct-2016,09-Apr-2015,09-Apr-2015,1,1
823B_As-built,823B-J-SHT-1050,"Columns",TT_Task,,"Sewage Holding Tank",15-Feb-2013,28-Feb-2013,13,15-Feb-2013,28-Feb-2013,13,0,0,0.00,01-Oct-2016,01-Oct-2016,09-Apr-2015,09-Apr-2015,1,1
823B_As-built,823B-J-SHT-1060,"Roof",TT_Task,,"Sewage Holding Tank",01-Mar-2013,05-Apr-2013,35,01-Mar-2013,05-Apr-2013,35,0,0,0.00,01-Oct-2016,01-Oct-2016,09-Apr-2015,09-Apr-2015,1,1
823B_As-built,823B-J-SHT-1070,"Manholes",TT_Task,,"Sewage Holding Tank",06-Apr-2013,19-Apr-2013,13,06-Apr-2013,19-Apr-2013,13,0,0,0.00,01-Oct-2016,01-Oct-2016,09-Apr-2015,09-Apr-2015,1,2
823B_As-built,823B-J-SHT-1080,"Waterproofing",TT_Task,,"Sewage Holding Tank",20-Apr-2013,14-Jun-2013,55,20-Apr-2013,14-Jun-2013,55,0,0,0.00,01-Oct-2016,01-Oct-2016,09-Apr-2015,09-Apr-2015,1,2
823B_As-built,823B-J-SHT-1090,"Backfillling",TT_Task,,"Sewage Holding Tank",26-Apr-2013,13-May-2013,17,26-Apr-2013,13-May-2013,17,0,0,0.00,01-Oct-2016,01-Oct-2016,09-Apr-2015,09-Apr-2015,2,1
823B_As-built,823B-J-SHT-1100,"Cast iron vent pipe",TT_Task,,"Sewage Holding Tank",20-Apr-2013,27-Apr-2013,7,20-Apr-2013,27-Apr-2013,7,0,0,0.00,01-Oct-2016,01-Oct-2016,09-Apr-2015,09-Apr-2015,1,1
823B_As-built,823B-J-SHT-1110,"Cat ladders and other ancilliary works",TT_Task,,"Sewage Holding Tank",24-Jun-2013,10-Jul-2013,16,24-Jun-2013,10-Jul-2013,16,0,0,0.00,01-Oct-2016,01-Oct-2016,10-May-2015,10-May-2015,1,2
823B_As-built,823B-SSS-1010,"Area PA 2.1 Formation & Sub-ballast",TT_Task,,"SHEK KONG STABLING AND SIDING WORKS",07-May-2013,09-Jul-2013,63,07-May-2013,14-Jan-2015,617,0,554,879.37,01-Oct-2016,01-Oct-2016,30-Jun-2014,30-Jun-2014,2,2
823B_As-built,823B-SSS-1020,"Area PA 2.2 Formation & Sub-ballast",TT_Task,,"SHEK KONG STABLING AND SIDING WORKS",01-Aug-2014,28-Aug-2014,27,01-Aug-2014,28-Aug-2014,27,0,0,0.00,01-Oct-2016,01-Oct-2016,30-Jun-2014,30-Jun-2014,3,2
823B_As-built,823B-SSS-1030,"Area PA 3.1 Formation & Sub-ballast",TT_Task,,"SHEK KONG STABLING AND SIDING WORKS",16-Apr-2013,10-Aug-2013,116,16-Apr-2013,12-Dec-2014,605,0,489,421.55,01-Oct-2016,01-Oct-2016,30-Jun-2014,30-Jun-2014,3,2
823B_As-built,823B-SSS-1040,"Area PA 3.2 Formation & Sub-ballast",TT_Task,,"SHEK KONG STABLING AND SIDING WORKS",13-Sep-2013,16-Nov-2013,64,02-Oct-2013,12-Dec-2014,436,19,372,581.25,01-Oct-2016,01-Oct-2016,30-Jun-2014,30-Jun-2014,40,2
823B_As-built,823B-RWS-1010,"Construct Retaining Walls 6",TT_Task,,"RETAINING WALLS",09-May-2013,13-Aug-2013,96,09-May-2013,17-Mar-2015,677,0,581,605.21,01-Oct-2016,01-Oct-2016,09-Apr-2015,09-Apr-2015,4,1
823B_As-built,823B-RWS-1020,"Construct Retaining Walls 1",TT_Task,,"RETAINING WALLS",02-Jan-2015,07-Feb-2015,36,01-Dec-2014,07-Mar-2015,96,-32,60,166.67,01-Oct-2016,01-Oct-2016,09-Apr-2015,09-Apr-2015,1,3
823B_As-built,823B-RWS-1030,"Construct Retaining Walls 3",TT_Task,,"RETAINING WALLS",06-Dec-2013,30-Jan-2014,55,03-Jun-2013,01-Aug-2013,59,-186,4,7.27,01-Oct-2016,01-Oct-2016,09-Apr-2015,09-Apr-2015,1,1
823B_As-built,823B-RWS-1040,"Construct Retaining Walls 7",TT_Task,,"RETAINING WALLS",07-May-2013,29-Jun-2013,53,07-May-2013,13-Mar-2015,675,0,622,1173.58,01-Oct-2016,01-Oct-2016,30-Jun-2014,30-Jun-2014,2,1
823B_As-built,823B-RWS-1050,"Construct Retaining Walls 9",TT_Task,,"RETAINING WALLS",21-Dec-2013,28-Jan-2014,38,02-Dec-2013,03-Jun-2014,183,-19,145,381.58,01-Oct-2016,01-Oct-2016,09-Apr-2015,09-Apr-2015,2,1
823B_As-built,823B-KTR-1010,"Kam Tin Road Diversion",TT_Task,,"KAM TIN ROAD DIVERSION",01-Dec-2011,30-Jun-2012,212,01-Dec-2011,30-Jun-2012,212,0,0,0.00,01-Oct-2016,01-Oct-2016,09-Apr-2015,09-Apr-2015,6,2
823B_As-built,823B-KTR-1020,"Implementation/Maintain Kam Tin Road Diversion",TT_Task,,"KAM TIN ROAD DIVERSION",03-Jul-2012,29-Oct-2013,483,03-Jul-2012,28-Mar-2014,633,0,150,31.06,01-Oct-2016,01-Oct-2016,09-Apr-2015,09-Apr-2015,1,6
823B_As-built,823B-KTR-1030,"Stage 3: Reinstatement of Kam Tin Road",TT_Task,,"KAM TIN ROAD DIVERSION",01-Dec-2012,19-Sep-2013,292,01-Dec-2012,29-Mar-2014,483,0,191,65.41,01-Oct-2016,01-Oct-2016,09-Apr-2015,09-Apr-2015,1,2
823B_As-built,823B-KTR-1040,"Stage 3: Reinstatement of Kam Tin Road (on C&C tunnel)",TT_Task,,"KAM TIN ROAD DIVERSION",12-Jul-2013,19-Sep-2013,69,02-Jan-2014,28-Mar-2014,85,174,16,23.19,01-Oct-2016,01-Oct-2016,09-Apr-2015,09-Apr-2015,2,1
823B_As-built,823B-KTR-1050,"Changeover existing UU to original alignment of KTR",TT_Task,,"KAM TIN ROAD DIVERSION",18-Mar-2014,18-Mar-2014,0,29-Mar-2014,29-Mar-2014,,11,,,01-Oct-2016,01-Oct-2016,09-Apr-2015,09-Apr-2015,2,1
823B_As-built,823B-KTR-1060,"Remove steel deck to release work zone of 823B",TT_Task,,"KAM TIN ROAD DIVERSION",03-Jun-2014,05-Jul-2014,32,03-Jun-2014,30-Jun-2014,27,0,-5,-15.63,01-Oct-2016,01-Oct-2016,09-Apr-2015,09-Apr-2015,1,1
823B_As-built,823B-WMD-1010,"Watermain diversion",TT_Task,,"WATERMAIN DIVERSION",13-May-2011,08-Mar-2012,300,13-May-2011,08-Mar-2012,300,0,0,0.00,01-Oct-2016,01-Oct-2016,10-May-2015,10-May-2015,4,1
823B_As-built,823B-RDW-1010,"Duct & Drain (Main Entrance, 1st & 2nd Avenue Road) (CH123+560 to CH124+540)",TT_Task,,"ROADWORKS & LANDSCAPING",14-Jan-2013,27-Mar-2013,72,14-Jan-2013,27-Mar-2013,72,0,0,0.00,01-Oct-2016,01-Oct-2016,09-Apr-2015,09-Apr-2015,3,8
823B_As-built,823B-RDW-1030,"Duct & Drain (3rd & 4th Avenue Road) (CH123+560 to CH124+400)",TT_Task,,"ROADWORKS & LANDSCAPING",15-Aug-2014,30-Oct-2014,76,01-Aug-2014,18-Mar-2015,229,-14,153,201.32,01-Oct-2016,01-Oct-2016,09-Apr-2015,09-Apr-2015,3,8
823B_As-built,823B-RDW-1050,"Roadworks and Miscellaneaous works",TT_Task,,"ROADWORKS & LANDSCAPING",12-Feb-2015,14-May-2015,91,01-Aug-2014,27-Dec-2014,148,-195,57,62.64,01-Oct-2016,01-Oct-2016,09-Apr-2015,09-Apr-2015,6,2
823B_As-built,823B-RDW-1070,"Landscaping, Establishment and Reinstatement Works (CH123+500 to CH124+000) (TOA at WA 4.17A)",TT_Task,,"ROADWORKS & LANDSCAPING",02-May-2015,14-Jul-2015,73,02-May-2015,10-Dec-2015,222,0,149,204.11,01-Oct-2016,01-Oct-2016,09-Apr-2015,09-Apr-2015,1,3
823B_As-built,823B-RDW-1060,"Access Road & Drain (part of 1st & 4th Avenue up to Kam Sheung Road; DSD Access Road) (CH124+540 to CH125+020)",TT_Task,,"ROADWORKS & LANDSCAPING",09-Jan-2013,17-Apr-2013,98,09-Jan-2013,17-Apr-2013,98,0,0,0.00,01-Oct-2016,01-Oct-2016,01-Feb-2017,01-Feb-2017,14,3
823B_As-built,823B-RDW-1090,"DSD Access Road with in Works Area 4.19A, 4.19B and 4.19C (CH123+560 to CH123+760)",TT_Task,,"ROADWORKS & LANDSCAPING",02-May-2016,28-Jul-2016,87,03-May-2016,03-May-2016,,1,,,01-Oct-2016,01-Oct-2016,10-May-2015,10-May-2015,7,1
823B_As-built,823B-RDW-1020,"Duct & Drain (Main Entrance, 1st & 2nd Avenue Road) (CH123+560 to CH124+540) (cont.)",TT_Task,,"ROADWORKS & LANDSCAPING",13-Jun-2013,22-Aug-2013,70,13-Jun-2013,22-Aug-2013,70,0,0,0.00,01-Oct-2016,01-Oct-2016,09-Apr-2015,09-Apr-2015,5,1
823B_As-built,823B-RDW-1040,"Roadworks and Miscellaneaous works (at Feeder Station Area)",TT_Task,,"ROADWORKS & LANDSCAPING",05-Nov-2013,04-Jan-2014,60,31-Aug-2013,31-Oct-2013,61,-66,1,1.67,01-Oct-2016,01-Oct-2016,17-Feb-2017,17-Feb-2017,1,2
823B_As-built,823B-RDW-1080,"Landscaping, Establishment and Reinstatement Works (CH124+000 to CH125+000) (TOA at WA 4.18B)",TT_Task,,"ROADWORKS & LANDSCAPING",23-Sep-2015,12-Dec-2015,80,02-May-2015,05-Jan-2016,248,-144,168,210.00,01-Oct-2016,01-Oct-2016,09-Apr-2015,09-Apr-2015,1,2
823B_As-built,823B-RDW-1100,"Reinstate TOA (WA 4.8, 4.8A, 4.8E, 4.18D & 4.23E) prior to handover",TT_Task,,"ROADWORKS & LANDSCAPING",01-Nov-2016,24-Dec-2016,53,,,,0,,,01-Nov-2016,24-Dec-2016,11-May-2015,07-Jul-2015,2,1
823B_As-built,823B-RDW-1015,"Duct & Drain (Main Entrance, 1st & 2nd Avenue Road) (CH123+560 to CH124+540) (cont.)",TT_Task,,"ROADWORKS & LANDSCAPING",28-Mar-2013,11-Jun-2013,75,28-Mar-2013,11-Jun-2013,75,0,0,0.00,01-Oct-2016,01-Oct-2016,09-Apr-2015,09-Apr-2015,1,7
823B_As-built,823B-RDW-1025,"Duct & Drain (Main Entrance, 1st & 2nd Avenue Road) (CH123+560 to CH124+540) (remaining)",TT_Task,,"ROADWORKS & LANDSCAPING",23-Aug-2013,04-Nov-2013,73,23-Aug-2013,07-Mar-2015,561,0,488,668.49,01-Oct-2016,01-Oct-2016,09-Apr-2015,09-Apr-2015,1,11
823B_As-built,823B-RDW-1035,"Duct & Drain (3rd & 4th Avenue Road) (CH123+560 to CH124+400) (remaining)",TT_Task,,"ROADWORKS & LANDSCAPING",31-Oct-2014,14-Jan-2015,75,01-Aug-2014,28-Mar-2015,239,-91,164,218.67,01-Oct-2016,01-Oct-2016,09-Apr-2015,09-Apr-2015,1,7
823B_As-built,823B-RDW-1055,"Roadworks and Miscellaneaous works (remaining)",TT_Task,,"ROADWORKS & LANDSCAPING",26-Mar-2015,23-Jun-2015,89,29-Dec-2014,09-Nov-2015,315,-87,226,253.93,01-Oct-2016,01-Oct-2016,17-Feb-2017,17-Feb-2017,1,9
823B_As-built,823B-RDW-1067,"Access Road & Drain (part of 1st & 4th Avenue up to Kam Sheung Road;DSD Access Road) (CH124+540 to CH125+020)(remaining)",TT_Task,,"ROADWORKS & LANDSCAPING",01-Jan-2016,30-Mar-2016,89,02-Jan-2016,,,1,,,01-Oct-2016,18-Oct-2016,01-Feb-2017,17-Feb-2017,1,2
823B_As-built,823B-RDW-1075,"Landscaping, Establishment and Reinstatement Works (CH123+500 to CH124+000) (TOA at WA 4.17B) (remaining)",TT_Task,,"ROADWORKS & LANDSCAPING",15-Jul-2015,22-Sep-2015,69,02-May-2015,21-Dec-2015,233,-74,164,237.68,01-Oct-2016,01-Oct-2016,09-Apr-2015,09-Apr-2015,1,9
823B_As-built,823B-RDW-1087,"Landscaping, Establishment and Reinstatement Works (CH124+000 to CH125+000) (remaining)",TT_Task,,"ROADWORKS & LANDSCAPING",01-Feb-2016,16-Apr-2016,75,01-Feb-2016,,,0,,,01-Oct-2016,31-Oct-2016,09-Apr-2015,09-May-2015,1,20
823B_As-built,823B-RDW-1095,"DSD Access Road with in Works Area 4.19A, 4.19B and 4.19C (CH123+560 to CH123+760) (remaining)",TT_Task,,"ROADWORKS & LANDSCAPING",29-Jul-2016,24-Oct-2016,87,03-May-2016,03-May-2016,,-87,,,01-Oct-2016,01-Oct-2016,10-May-2015,10-May-2015,1,9
823B_As-built,823B-RDW-1065,"Access Road & Drain (part of 1st & 4th Avenue up to Kam Sheung Road; DSD Access Road) (CH124+540 to CH125+020) (cont.)",TT_Task,,"ROADWORKS & LANDSCAPING",18-Apr-2013,22-Jul-2013,95,18-Apr-2013,14-Dec-2015,970,0,875,921.05,01-Oct-2016,01-Oct-2016,01-Feb-2017,01-Feb-2017,1,1
823B_As-built,823B-RDW-1085,"Landscaping, Establishment and Reinstatement Works (CH124+000 to CH125+000) (TOA at WA 4.21A) (cont)",TT_Task,,"ROADWORKS & LANDSCAPING",14-Dec-2015,02-Mar-2016,79,02-May-2015,09-Jan-2016,252,-226,173,218.99,01-Oct-2016,01-Oct-2016,09-Apr-2015,09-Apr-2015,1,2
823B_As-built,823B-RDW-1105,"Reinstate TOA (WA 4.8, 4.8A, 4.8E, 4.18D & 4.23E) prior to handover - remaining",TT_Task,,"ROADWORKS & LANDSCAPING",27-Dec-2016,17-Feb-2017,52,,,,0,,,27-Dec-2016,17-Feb-2017,08-Jul-2015,29-Aug-2015,1,5
823B_As-built,823B-STR-1010,"Overheal line mast foundations - PA3.1",TT_Task,,"OHL MAST FOUNDATION",16-Apr-2013,10-Aug-2013,116,16-Apr-2013,28-Sep-2013,165,0,49,42.24,01-Oct-2016,01-Oct-2016,30-Jun-2014,30-Jun-2014,1,4
823B_As-built,823B-STR-1020,"Overheal line mast foundations - PA2.1",TT_Task,,"OHL MAST FOUNDATION",16-Apr-2013,27-Jul-2013,102,16-Apr-2013,28-Sep-2013,165,0,63,61.76,01-Oct-2016,01-Oct-2016,30-Jun-2014,30-Jun-2014,1,5
823B_As-built,823B-STR-1030,"Overheal line mast foundations - PA1",TT_Task,,"OHL MAST FOUNDATION",14-Feb-2013,18-May-2013,93,14-Feb-2013,09-Aug-2013,176,0,83,89.25,01-Oct-2016,01-Oct-2016,30-Jun-2014,30-Jun-2014,2,5
823B_As-built,823B-EBC-1060,"East Culvert CH 0+0125 to CH 0+0167 (Dka 123+580 to Dka 123+625)",TT_Task,,"EAST CULVERT",01-Aug-2011,13-Oct-2011,73,01-Aug-2011,13-Oct-2011,73,0,0,0.00,01-Oct-2016,01-Oct-2016,30-Jun-2014,30-Jun-2014,2,3
823B_As-built,823B-EBC-1120,"East Culvert CH 0+0294 to CH 0+0336 (Dka 123+760 to Dka 123+800)",TT_Task,,"EAST CULVERT",05-Sep-2011,01-Nov-2011,57,05-Sep-2011,01-Nov-2011,57,0,0,0.00,01-Oct-2016,01-Oct-2016,10-May-2015,10-May-2015,1,3
823B_As-built,823B-EBC-1160,"East Culvert CH 0+0418 to CH 0+0471 (Dka 123+880 to Dka 123+930)",TT_Task,,"EAST CULVERT",03-Oct-2011,31-Dec-2011,89,03-Oct-2011,31-Dec-2011,89,0,0,0.00,01-Oct-2016,01-Oct-2016,10-May-2015,10-May-2015,1,2
823B_As-built,823B-EBC-1190,"East Culvert CH 0+0524 to CH 0+0557 (Dka 123+980 to Dka 124+014)",TT_Task,,"EAST CULVERT",17-Oct-2011,05-May-2012,201,17-Oct-2011,05-May-2012,201,0,0,0.00,01-Oct-2016,01-Oct-2016,10-May-2015,10-May-2015,1,2
823B_As-built,823B-EBC-1230,"East Culvert CH 0+0619 to CH 0+0669 (Dka 124+080 to Dka 124+130)",TT_Task,,"EAST CULVERT",17-Dec-2011,24-Aug-2012,251,17-Dec-2011,24-Aug-2012,251,0,0,0.00,01-Oct-2016,01-Oct-2016,30-Jun-2014,30-Jun-2014,1,4
823B_As-built,823B-EBC-1280,"East Culvert CH 0+0718 to CH 0+0754 (Dka 124+180 to Dka 124+216)",TT_Task,,"EAST CULVERT",05-Mar-2012,13-Nov-2012,253,05-Mar-2012,13-Nov-2012,253,0,0,0.00,01-Oct-2016,01-Oct-2016,30-Jun-2014,30-Jun-2014,1,3
823B_As-built,823B-EBC-1350,"East Culvert CH 0+0818 to CH 0+0850 (Dka 124+280 to Dka 124+330)",TT_Task,,"EAST CULVERT",03-Jul-2012,16-Nov-2012,136,03-Jul-2012,16-Nov-2012,136,0,0,0.00,01-Oct-2016,01-Oct-2016,10-May-2015,10-May-2015,1,3
823B_As-built,823B-EBC-1400,"East Culvert CH 0+0881 to CH 0+0930 (Dka 124+340 to Dka 124+390)",TT_Task,,"EAST CULVERT",02-Apr-2012,19-Apr-2012,17,02-Apr-2012,19-Apr-2012,17,0,0,0.00,01-Oct-2016,01-Oct-2016,10-May-2015,10-May-2015,1,2
823B_As-built,823B-EBC-1450,"East Culvert CH 0+979 to CH 1+033 (Dka 124+440 to Dka 124+490)",TT_Task,,"EAST CULVERT",05-Mar-2012,07-Jul-2012,124,05-Mar-2012,07-Jul-2012,124,0,0,0.00,01-Oct-2016,01-Oct-2016,30-Jun-2014,30-Jun-2014,1,2
823B_As-built,823B-EBC-1500,"East Culvert CH 1+086 to CH 1+124 (Dka 124+540 to Dka 124+575)",TT_Task,,"EAST CULVERT",05-May-2011,21-Dec-2011,230,05-May-2011,21-Dec-2011,230,0,0,0.00,01-Oct-2016,01-Oct-2016,10-May-2015,10-May-2015,1,1
823B_As-built,823B-EBC-1540,"East Culvert CH 1+162 to CH 1+225 (Dka 124+610 to Dka 124+685)",TT_Task,,"EAST CULVERT",02-Apr-2012,30-Oct-2012,211,02-Apr-2012,30-Oct-2012,211,0,0,0.00,01-Oct-2016,01-Oct-2016,30-Jun-2014,30-Jun-2014,1,2
823B_As-built,823B-EBC-1010,"East Culvert CH 0+058 to CH 0+125 (Dka 123+520 to Dka 123+580)",TT_Task,,"EAST CULVERT",02-Apr-2012,03-Oct-2012,184,02-Apr-2012,03-Oct-2012,184,0,0,0.00,01-Oct-2016,01-Oct-2016,30-Jun-2014,30-Jun-2014,1,6
823B_As-built,823B-EBC-1000,"Site preparation for East Culvert Construction (CH 0+058 to CH 0+125)",TT_Task,,"EAST CULVERT",05-Mar-2012,31-Mar-2012,26,05-Mar-2012,31-Mar-2012,26,0,0,0.00,01-Oct-2016,01-Oct-2016,30-Jun-2014,30-Jun-2014,1,4
823B_As-built,823B-EBC-1030,"Site preparation for East Culvert Construction (CH 0+035 to CH 0+080)",TT_Task,,"EAST CULVERT",06-Aug-2012,08-Sep-2012,33,06-Aug-2012,08-Sep-2012,33,0,0,0.00,01-Oct-2016,01-Oct-2016,01-Feb-2017,01-Feb-2017,2,1
823B_As-built,823B-EBC-1050,"Site preparation for East Culvert Construction (CH 0+0125 to CH 0+0294)",TT_Task,,"EAST CULVERT",04-Jul-2011,30-Jul-2011,26,04-Jul-2011,30-Jul-2011,26,0,0,0.00,01-Oct-2016,01-Oct-2016,30-Jun-2014,30-Jun-2014,12,2
823B_As-built,823B-EBC-1110,"Site preparation for East Culvert Construction (CH 0+0294 to CH 0+0418)",TT_Task,,"EAST CULVERT",08-Aug-2011,03-Sep-2011,26,08-Aug-2011,03-Sep-2011,26,0,0,0.00,01-Oct-2016,01-Oct-2016,30-Jun-2014,30-Jun-2014,1,2
823B_As-built,823B-EBC-1150,"Site preparation for East Culvert Construction (CH 0+0418 to CH 0+0524)",TT_Task,,"EAST CULVERT",02-Sep-2011,30-Sep-2011,28,02-Sep-2011,30-Sep-2011,28,0,0,0.00,01-Oct-2016,01-Oct-2016,30-Jun-2014,30-Jun-2014,1,2
823B_As-built,823B-EBC-1180,"Site preparation for East Culvert Construction (CH 0+0524 to CH 0+0619)",TT_Task,,"EAST CULVERT",16-Sep-2011,15-Oct-2011,29,16-Sep-2011,15-Oct-2011,29,0,0,0.00,01-Oct-2016,01-Oct-2016,30-Jun-2014,30-Jun-2014,1,2
823B_As-built,823B-EBC-1220,"Site preparation for East Culvert Construction (CH 0+0619 to CH 0+0718)",TT_Task,,"EAST CULVERT",17-Oct-2011,12-Nov-2011,26,17-Oct-2011,12-Nov-2011,26,0,0,0.00,01-Oct-2016,01-Oct-2016,30-Jun-2014,30-Jun-2014,1,1
823B_As-built,823B-EBC-1270,"Site preparation for East Culvert Construction (CH 0+0718 to CH 0+0818)",TT_Task,,"EAST CULVERT",06-Feb-2012,03-Mar-2012,26,06-Feb-2012,03-Mar-2012,26,0,0,0.00,01-Oct-2016,01-Oct-2016,30-Jun-2014,30-Jun-2014,1,3
823B_As-built,823B-EBC-1340,"Site preparation for East Culvert Construction (CH 0+0818 to CH 0+0881)",TT_Task,,"EAST CULVERT",04-Jun-2012,30-Jun-2012,26,04-Jun-2012,30-Jun-2012,26,0,0,0.00,01-Oct-2016,01-Oct-2016,10-May-2015,10-May-2015,1,2
823B_As-built,823B-EBC-1390,"Site preparation for East Culvert Construction (CH 0+0881 to CH 0+0979)",TT_Task,,"EAST CULVERT",05-Mar-2012,31-Mar-2012,26,05-Mar-2012,31-Mar-2012,26,0,0,0.00,01-Oct-2016,01-Oct-2016,10-May-2015,10-May-2015,1,1
823B_As-built,823B-EBC-1440,"Site preparation for East Culvert Construction (CH 0+979 to CH 1+086)",TT_Task,,"EAST CULVERT",06-Feb-2012,03-Mar-2012,26,06-Feb-2012,03-Mar-2012,26,0,0,0.00,01-Oct-2016,01-Oct-2016,30-Jun-2014,30-Jun-2014,1,1
823B_As-built,823B-EBC-1490,"Site preparation for East Culvert Construction (CH 1+086 to CH 1+162)",TT_Task,,"EAST CULVERT",02-Apr-2011,04-May-2011,32,02-Apr-2011,04-May-2011,32,0,0,0.00,01-Oct-2016,01-Oct-2016,10-May-2015,10-May-2015,1,1
823B_As-built,823B-EBC-1530,"Site preparation for East Culvert Construction (CH 1+162 to CH 1+288)",TT_Task,,"EAST CULVERT",05-Mar-2012,31-Mar-2012,26,05-Mar-2012,31-Mar-2012,26,0,0,0.00,01-Oct-2016,01-Oct-2016,30-Jun-2014,30-Jun-2014,1,1
823B_As-built,823B-EBC-1580,"FMRS / Guaging Stations at Shek Kong Stream",TT_Task,,"EAST CULVERT",25-Feb-2013,23-Mar-2013,26,29-Jul-2013,24-Aug-2013,26,154,0,0.00,01-Oct-2016,01-Oct-2016,10-May-2015,10-May-2015,15,6
823B_As-built,823B-EBC-1040,"East Culvert CH 0+058 to CH 0+080",TT_Task,,"EAST CULVERT",09-Jan-2013,18-Mar-2013,68,19-Jan-2013,28-Mar-2013,68,10,0,0.00,01-Oct-2016,01-Oct-2016,01-Feb-2017,01-Feb-2017,2,4
823B_As-built,823B-EBC-1070,"East Culvert CH 0+0167 to CH 0+0209 (Dka 123+625 to Dka 123+670)",TT_Task,,"EAST CULVERT",14-Oct-2011,23-Dec-2011,70,14-Oct-2011,23-Dec-2011,70,0,0,0.00,01-Oct-2016,01-Oct-2016,30-Jun-2014,30-Jun-2014,1,2
823B_As-built,823B-EBC-1080,"East Culvert CH 0+0209 to CH 0+0251 (Dka 123+670 to Dka 123+715)",TT_Task,,"EAST CULVERT",24-Dec-2011,10-Mar-2012,77,24-Dec-2011,10-Mar-2012,77,0,0,0.00,01-Oct-2016,01-Oct-2016,30-Jun-2014,30-Jun-2014,1,2
823B_As-built,823B-EBC-1090,"East Culvert CH 0+0251 to CH 0+0294 (Dka 123+715 to Dka 123+760)",TT_Task,,"EAST CULVERT",12-Mar-2012,16-Jul-2012,126,12-Mar-2012,16-Jul-2012,126,0,0,0.00,01-Oct-2016,01-Oct-2016,30-Jun-2014,30-Jun-2014,1,13
823B_As-built,823B-EBC-1130,"East Culvert CH 0+0336 to CH 0+0377 (Dka 123+800 to Dka 123+840)",TT_Task,,"EAST CULVERT",02-Nov-2011,07-Jan-2012,66,02-Nov-2011,07-Jan-2012,66,0,0,0.00,01-Oct-2016,01-Oct-2016,10-May-2015,10-May-2015,1,2
823B_As-built,823B-EBC-1140,"East Culvert CH 0+0377 to CH 0+0418 (Dka 123+840 to Dka 123+880)",TT_Task,,"EAST CULVERT",09-Jan-2012,03-Mar-2012,54,09-Jan-2012,03-Mar-2012,54,0,0,0.00,01-Oct-2016,01-Oct-2016,10-May-2015,10-May-2015,1,13
823B_As-built,823B-EBC-1170,"East Culvert CH 0+0471 to CH 0+0524 (Dka 123+930 to Dka 123+980)",TT_Task,,"EAST CULVERT",03-Jan-2012,31-Mar-2012,88,03-Jan-2012,31-Mar-2012,88,0,0,0.00,01-Oct-2016,01-Oct-2016,10-May-2015,10-May-2015,1,13
823B_As-built,823B-EBC-1200,"East Culvert CH 0+0557 to CH 0+0588 (Dka 124+014 to Dka 124+047)",TT_Task,,"EAST CULVERT",19-Dec-2011,24-May-2012,157,19-Dec-2011,24-May-2012,157,0,0,0.00,01-Oct-2016,01-Oct-2016,10-May-2015,10-May-2015,1,2
823B_As-built,823B-EBC-1210,"East Culvert CH 0+0588 to CH 0+0619 (Dka 124+047 to Dka 124+080)",TT_Task,,"EAST CULVERT",24-Feb-2012,31-May-2012,97,24-Feb-2012,31-May-2012,97,0,0,0.00,01-Oct-2016,01-Oct-2016,10-May-2015,10-May-2015,1,13
823B_As-built,823B-EBC-1250,"East Culvert CH 0+0669 to CH 0+0718 (Dka 124+130 to Dka 124+180)",TT_Task,,"EAST CULVERT",07-Feb-2012,24-Oct-2012,260,07-Feb-2012,24-Oct-2012,260,0,0,0.00,01-Oct-2016,01-Oct-2016,10-May-2015,10-May-2015,1,13
823B_As-built,823B-EBC-1300,"East Culvert CH 0+0754 to CH 0+0786 (Dka 124+216 to Dka 124+248)",TT_Task,,"EAST CULVERT",19-May-2012,27-Oct-2012,161,19-May-2012,27-Oct-2012,161,0,0,0.00,01-Oct-2016,01-Oct-2016,10-May-2015,10-May-2015,1,3
823B_As-built,823B-EBC-1320,"East Culvert CH 0+0786 to CH 0+0818 (Dka 124+248 to Dka 124+280)",TT_Task,,"EAST CULVERT",01-Jun-2012,06-Nov-2012,158,01-Jun-2012,06-Nov-2012,158,0,0,0.00,01-Oct-2016,01-Oct-2016,10-May-2015,10-May-2015,1,13
823B_As-built,823B-EBC-1370,"East Culvert CH 0+0850 to CH 0+0881 (Dka 124+310 to Dka 124+340)",TT_Task,,"EAST CULVERT",24-Jul-2012,14-Nov-2012,113,24-Jul-2012,14-Nov-2012,113,0,0,0.00,01-Oct-2016,01-Oct-2016,10-May-2015,10-May-2015,1,5
823B_As-built,823B-EBC-1420,"East Culvert CH 0+0930 to CH 0+0979 (Dka 124+390 to Dka 124+440)",TT_Task,,"EAST CULVERT",20-Apr-2012,11-Jun-2012,52,20-Apr-2012,11-Jun-2012,52,0,0,0.00,01-Oct-2016,01-Oct-2016,10-May-2015,10-May-2015,1,4
823B_As-built,823B-EBC-1470,"East Culvert CH 1+033 to CH 1+086 (Dka 124+490 to Dka 124+540)",TT_Task,,"EAST CULVERT",18-May-2012,06-Nov-2012,172,18-May-2012,06-Nov-2012,172,0,0,0.00,01-Oct-2016,01-Oct-2016,30-Jun-2014,30-Jun-2014,1,5
823B_As-built,823B-EBC-1510,"East Culvert CH 1+124 to CH 1+162 (Dka 124+575 to Dka 124+610)",TT_Task,,"EAST CULVERT",05-May-2011,06-Dec-2011,215,05-May-2011,06-Dec-2011,215,0,0,0.00,01-Oct-2016,01-Oct-2016,10-May-2015,10-May-2015,1,5
823B_As-built,823B-EBC-1560,"East Culvert CH 1+225 to CH 1+288 (Dka 124+685 to Dka 124+760)",TT_Task,,"EAST CULVERT",02-Apr-2012,04-Oct-2012,185,02-Apr-2012,04-Oct-2012,185,0,0,0.00,01-Oct-2016,01-Oct-2016,10-May-2015,10-May-2015,1,4
823B_As-built,823B-EBC-1020,"East Culvert CH 0+058 to CH 0+125 (Dka 123+520 to Dka 123+580) - Remaining works",TT_Task,,"EAST CULVERT",01-Dec-2012,13-Mar-2013,102,04-Oct-2012,24-Dec-2012,81,-58,-21,-20.59,01-Oct-2016,01-Oct-2016,30-Jun-2014,30-Jun-2014,1,8
823B_As-built,823B-EBC-1100,"East Culvert CH 0+0251 to CH 0+0294 (Dka 123+715 to Dka 123+760) - Remaining Woks",TT_Task,,"EAST CULVERT",01-Dec-2012,29-Jan-2013,59,08-Oct-2012,03-Dec-2012,56,-54,-3,-5.08,01-Oct-2016,01-Oct-2016,30-Jun-2014,30-Jun-2014,1,16
823B_As-built,823B-EBC-1240,"East Culvert CH 0+0619 to CH 0+0669 (Dka 124+080 to Dka 124+130) - Remaining works",TT_Task,,"EAST CULVERT",30-Jan-2013,26-Feb-2013,27,19-Nov-2012,12-Dec-2012,23,-72,-4,-14.81,01-Oct-2016,01-Oct-2016,17-Feb-2017,17-Feb-2017,2,5
823B_As-built,823B-EBC-1260,"East Culvert CH 0+0669 to CH 0+0718 (Dka 124+130 to Dka 124+180) - Remaining works",TT_Task,,"EAST CULVERT",27-Feb-2013,22-Mar-2013,23,09-Feb-2013,08-Mar-2013,27,-18,4,17.39,01-Oct-2016,01-Oct-2016,17-Feb-2017,17-Feb-2017,2,4
823B_As-built,823B-EBC-1290,"East Culvert CH 0+0718 to CH 0+0754 (Dka 124+180 to Dka 124+216) - Remaining works",TT_Task,,"EAST CULVERT",01-Dec-2012,21-Dec-2012,20,15-Feb-2013,07-Mar-2013,20,76,0,0.00,01-Oct-2016,01-Oct-2016,30-Jun-2014,30-Jun-2014,1,8
823B_As-built,823B-EBC-1310,"East Culvert CH 0+0754 to CH 0+0786 (Dka 124+216 to Dka 124+248) - Remaining works",TT_Task,,"EAST CULVERT",22-Dec-2012,22-Feb-2013,62,17-Jan-2013,16-Mar-2013,58,26,-4,-6.45,01-Oct-2016,01-Oct-2016,17-Feb-2017,17-Feb-2017,2,5
823B_As-built,823B-EBC-1330,"East Culvert CH 0+0786 to CH 0+0818 (Dka 124+248 to Dka 124+280) - Remaining works",TT_Task,,"EAST CULVERT",23-Feb-2013,08-Mar-2013,13,13-Mar-2013,26-Mar-2013,13,18,0,0.00,01-Oct-2016,01-Oct-2016,17-Feb-2017,17-Feb-2017,2,4
823B_As-built,823B-EBC-1360,"East Culvert CH 0+0818 to CH 0+0850 (Dka 124+280 to Dka 124+330) - Remaining works",TT_Task,,"EAST CULVERT",22-Dec-2012,22-Jan-2013,31,14-Feb-2013,13-Mar-2013,27,54,-4,-12.90,01-Oct-2016,01-Oct-2016,17-Feb-2017,17-Feb-2017,2,2
823B_As-built,823B-EBC-1380,"East Culvert CH 0+0850 to CH 0+0881 (Dka 124+310 to Dka 124+340) - Remaining works",TT_Task,,"EAST CULVERT",23-Jan-2013,22-Mar-2013,58,26-Jan-2013,26-Mar-2013,59,3,1,1.72,01-Oct-2016,01-Oct-2016,17-Feb-2017,17-Feb-2017,2,4
823B_As-built,823B-EBC-1410,"East Culvert CH 0+0881 to CH 0+0930 (Dka 124+340 to Dka 124+390) - structure works",TT_Task,,"EAST CULVERT",01-Dec-2012,23-Mar-2013,112,13-Nov-2012,05-Mar-2013,112,-18,0,0.00,01-Oct-2016,01-Oct-2016,10-May-2015,10-May-2015,1,4
823B_As-built,823B-EBC-1435,"East Culvert CH 0+0930 to CH 0+0979 (Dka 124+390 to Dka 124+440) - Remaining works",TT_Task,,"EAST CULVERT",10-Dec-2012,23-Mar-2013,103,13-Dec-2012,27-Mar-2013,104,3,1,0.97,01-Oct-2016,01-Oct-2016,10-May-2015,10-May-2015,2,5
823B_As-built,823B-EBC-1460,"East Culvert CH 0+979 to CH 1+033 (Dka 124+440 to Dka 124+490) - Remaining works",TT_Task,,"EAST CULVERT",16-Jul-2012,01-Dec-2012,138,16-Jul-2012,01-Dec-2012,138,0,0,0.00,01-Oct-2016,01-Oct-2016,30-Jun-2014,30-Jun-2014,1,3
823B_As-built,823B-EBC-1480,"East Culvert CH 1+033 to CH 1+086 (Dka 124+490 to Dka 124+540) - Remaining works",TT_Task,,"EAST CULVERT",06-Nov-2012,24-Dec-2012,48,06-Nov-2012,02-Feb-2013,88,0,40,83.33,01-Oct-2016,01-Oct-2016,30-Jun-2014,30-Jun-2014,1,3
823B_As-built,823B-EBC-1520,"East Culvert CH 1+086 to CH 1+162 (Dka 124+540 to Dka 124+610) - Remaining works",TT_Task,,"EAST CULVERT",27-Dec-2012,25-Feb-2013,60,08-Oct-2012,03-Dec-2012,56,-80,-4,-6.67,01-Oct-2016,01-Oct-2016,17-Feb-2017,17-Feb-2017,2,4
823B_As-built,823B-EBC-1550,"East Culvert CH 1+162 to CH 1+225 (Dka 124+610 to Dka 124+685) - Remaining works",TT_Task,,"EAST CULVERT",01-Dec-2012,01-Mar-2013,90,08-Nov-2012,02-Feb-2013,86,-23,-4,-4.44,01-Oct-2016,01-Oct-2016,30-Jun-2014,30-Jun-2014,1,3
823B_As-built,823B-EBC-1570,"East Culvert CH 1+225 to CH 1+288 (Dka 124+685 to Dka 124+760) - Remainin works",TT_Task,,"EAST CULVERT",02-Jan-2013,01-Mar-2013,58,02-Nov-2012,29-Dec-2012,57,-61,-1,-1.72,01-Oct-2016,01-Oct-2016,17-Feb-2017,17-Feb-2017,2,4
823B_As-built,823B-WBC-1010,"West culvert",TT_Task,,"WEST CULVERT",04-Jul-2011,29-Sep-2012,453,04-Jul-2011,29-Sep-2012,453,0,0,0.00,01-Oct-2016,01-Oct-2016,09-Apr-2015,09-Apr-2015,2,3
823B_As-built,823B-WBC-1020,"FMRS / Guaging Stations",TT_Task,,"WEST CULVERT",25-Mar-2013,03-Apr-2013,9,26-Aug-2013,31-Aug-2013,5,154,-4,-44.44,01-Oct-2016,01-Oct-2016,10-May-2015,10-May-2015,2,2
823B_As-built,823B-RHW-1010,"Complete works area preparation",TT_Task,,"RIVER HABITAT",02-Mar-2015,21-Mar-2015,19,02-Mar-2015,21-Mar-2015,19,0,0,0.00,01-Oct-2016,01-Oct-2016,21-Sep-2014,21-Sep-2014,3,1
823B_As-built,823B-RHW-2010,"Temporarily plugged off twin �900 outlet drainage pipe upstream",TT_Task,,"from CH 0+609 to CH 0+300",23-Mar-2015,09-Apr-2015,17,02-Mar-2015,14-Mar-2015,12,-21,-5,-29.41,01-Oct-2016,01-Oct-2016,21-Sep-2014,21-Sep-2014,4,2
823B_As-built,823B-RHW-2020,"Cut the existing ground to formation level",TT_Task,,"from CH 0+609 to CH 0+300",10-Apr-2015,06-Jun-2015,57,16-Mar-2015,10-Jun-2015,86,-25,29,50.88,01-Oct-2016,01-Oct-2016,21-Sep-2014,21-Sep-2014,1,2
823B_As-built,823B-RHW-2030,"Upstream - rock fill slope & rip-rap base construction",TT_Task,,"from CH 0+609 to CH 0+300",08-Jun-2015,10-Sep-2015,94,01-Dec-2015,19-Sep-2016,293,176,199,211.70,01-Oct-2016,01-Oct-2016,21-Sep-2014,21-Sep-2014,1,2
823B_As-built,823B-RHW-4010,"Cut the existing ground to formation level",TT_Task,,"from CH 0+180 to CH 0+000",28-May-2015,03-Jul-2015,36,01-Apr-2015,30-Apr-2015,29,-57,-7,-19.44,01-Oct-2016,01-Oct-2016,21-Sep-2014,21-Sep-2014,1,1
823B_As-built,823B-RHW-4020,"Upstream - rock fill slope & rip-rap base construction",TT_Task,,"from CH 0+180 to CH 0+000",04-Jul-2015,28-Aug-2015,55,13-Apr-2015,08-Oct-2015,178,-82,123,223.64,01-Oct-2016,01-Oct-2016,21-Sep-2014,21-Sep-2014,1,2
823B_As-built,823B-RHW-3010,"Temporarily close inlet of West Culvert upstream",TT_Task,,"from CH 0+300 to CH 0+180",16-Apr-2015,29-Apr-2015,13,01-Apr-2015,11-Apr-2015,10,-15,-3,-23.08,01-Oct-2016,01-Oct-2016,21-Sep-2014,21-Sep-2014,2,1
823B_As-built,823B-RHW-3020,"Cut the existing ground to formation level",TT_Task,,"from CH 0+300 to CH 0+180",30-Apr-2015,27-May-2015,27,13-Apr-2015,30-Apr-2015,17,-17,-10,-37.04,01-Oct-2016,01-Oct-2016,21-Sep-2014,21-Sep-2014,1,2
823B_As-built,823B-RHW-3030,"Upstream - rock fill slope & rip-rap base construction",TT_Task,,"from CH 0+300 to CH 0+180",28-May-2015,24-Jul-2015,57,20-Apr-2015,08-Oct-2015,171,-38,114,200.00,01-Oct-2016,01-Oct-2016,21-Sep-2014,21-Sep-2014,1,2
823B_As-built,823B-SFE-1010,"Site formation works and temporary stream diversion",TT_Task,,"SITE FORMATION AND EARTHWORKS",10-Feb-2011,24-Aug-2011,195,10-Feb-2011,24-Aug-2011,195,0,0,0.00,01-Oct-2016,01-Oct-2016,03-Mar-2014,03-Mar-2014,8,17
823B_As-built,823B-SFE-1020,"Removal of Temporary stream diversion",TT_Task,,"SITE FORMATION AND EARTHWORKS",26-Nov-2012,15-Apr-2013,140,26-Nov-2012,15-Apr-2013,140,0,0,0.00,01-Oct-2016,01-Oct-2016,30-Jun-2014,30-Jun-2014,6,3
823B_As-built,823B-SFE-1030,"Erect chain link fence prior to energisation of track",TT_Task,,"SITE FORMATION AND EARTHWORKS",06-Dec-2013,08-Jan-2014,33,24-Jan-2014,22-Feb-2014,29,49,-4,-12.12,01-Oct-2016,01-Oct-2016,30-Jun-2014,30-Jun-2014,14,4
823B_As-built,823B-NOB-1010,"Noise barrier foundation at Eastern side (for 8m high noise barrier)",TT_Task,,"NOISE BARRIERS",16-Jul-2012,28-Mar-2013,255,16-Jul-2012,28-Mar-2013,255,0,0,0.00,01-Oct-2016,01-Oct-2016,10-May-2015,10-May-2015,21,2
823B_As-built,823B-NOB-1020,"Install 8m high noise barrier panels",TT_Task,,"NOISE BARRIERS",17-Oct-2015,16-Feb-2016,122,01-Apr-2015,11-Jul-2015,101,-199,-21,-17.21,01-Oct-2016,01-Oct-2016,10-May-2015,10-May-2015,2,1
823B_As-built,823B-NOB-1030,"Noise barrier foundation at Eastern side (for 5m high noise barrier)",TT_Task,,"NOISE BARRIERS",05-Nov-2012,26-Jan-2013,82,05-Nov-2012,26-Jan-2013,82,0,0,0.00,01-Oct-2016,01-Oct-2016,10-May-2015,10-May-2015,1,1
823B_As-built,823B-NOB-1040,"Install 5m high noise barrier panels",TT_Task,,"NOISE BARRIERS",01-Aug-2014,28-Aug-2014,27,01-Aug-2014,01-Jun-2015,304,0,277,1025.93,01-Oct-2016,01-Oct-2016,10-May-2015,10-May-2015,2,1
823B_As-built,823B-NB3.5-1040,"Laying of 1050mm dia storm drain from S8 to S9 and testing",TT_Task,,"3.5m High Noise Barrier adjacent to Kam Tin Road (Length 47.6m)",18-Feb-2015,28-Feb-2015,10,18-Feb-2015,28-Feb-2015,10,0,0,0.00,01-Oct-2016,01-Oct-2016,10-May-2015,10-May-2015,1,1
823B_As-built,823B-NB3.5-1010,"Reinstatement of existing Kam Tin Road including removal of temporary Kam Tin Road traffic deck",TT_Task,,"3.5m High Noise Barrier adjacent to Kam Tin Road (Length 47.6m)",01-Dec-2012,26-Oct-2013,329,01-Dec-2012,29-Mar-2014,483,0,154,46.81,01-Oct-2016,01-Oct-2016,10-May-2015,10-May-2015,1,1
823B_As-built,823B-NB3.5-1130,"Laying gully drain and utilities",TT_Task,,"3.5m High Noise Barrier adjacent to Kam Tin Road (Length 47.6m)",08-Apr-2015,15-Jul-2015,98,02-Mar-2015,14-Mar-2015,12,-37,-86,-87.76,01-Oct-2016,01-Oct-2016,10-May-2015,10-May-2015,2,3
823B_As-built,823B-NB3.5-1020,"Installation 3 roll of sheet pile from manhole S8 to S9",TT_Task,,"3.5m High Noise Barrier adjacent to Kam Tin Road (Length 47.6m)",13-Dec-2014,31-Dec-2014,18,13-Dec-2014,31-Dec-2014,18,0,0,0.00,01-Oct-2016,01-Oct-2016,10-May-2015,10-May-2015,3,1
823B_As-built,823B-NB3.5-1030,"Excavation and lateral support to +8.40mPD",TT_Task,,"3.5m High Noise Barrier adjacent to Kam Tin Road (Length 47.6m)",02-Feb-2015,17-Feb-2015,15,02-Feb-2015,17-Feb-2015,15,0,0,0.00,01-Oct-2016,01-Oct-2016,10-May-2015,10-May-2015,1,1
823B_As-built,823B-NB3.5-1050,"Construction of Manhole S8 and S9",TT_Task,,"3.5m High Noise Barrier adjacent to Kam Tin Road (Length 47.6m)",02-Mar-2015,14-Mar-2015,12,10-Feb-2015,26-Feb-2015,16,-20,4,33.33,01-Oct-2016,01-Oct-2016,10-May-2015,10-May-2015,1,1
823B_As-built,823B-NB3.5-1060,"Backfilling to +10.8",TT_Task,,"3.5m High Noise Barrier adjacent to Kam Tin Road (Length 47.6m)",02-Mar-2015,12-Mar-2015,10,02-Mar-2015,12-Mar-2015,10,0,0,0.00,01-Oct-2016,01-Oct-2016,10-May-2015,10-May-2015,1,1
823B_As-built,823B-NB3.5-1100,"Excavation and lateral support for noise barrier Bay 1 to Bay 6",TT_Task,,"3.5m High Noise Barrier adjacent to Kam Tin Road (Length 47.6m)",14-Mar-2014,29-Mar-2014,15,28-Nov-2013,03-Oct-2014,309,-106,294,1960.00,01-Oct-2016,01-Oct-2016,10-May-2015,10-May-2015,1,1
823B_As-built,823B-NB3.5-1110,"Construction of Noise Barrier 47.6m (6 Bays, 2 set of formwork)",TT_Task,,"3.5m High Noise Barrier adjacent to Kam Tin Road (Length 47.6m)",31-Mar-2014,08-May-2014,38,03-Dec-2013,28-Jan-2015,421,-118,383,1007.89,01-Oct-2016,01-Oct-2016,10-May-2015,10-May-2015,1,3
823B_As-built,823B-NB3.5-1120,"Backfilling to ground level and removal of strut",TT_Task,,"3.5m High Noise Barrier adjacent to Kam Tin Road (Length 47.6m)",18-Apr-2015,13-May-2015,25,29-Jan-2015,25-Feb-2015,27,-79,2,8.00,01-Oct-2016,01-Oct-2016,10-May-2015,10-May-2015,1,1
823B_As-built,823B-NB3.5-1070,"Laying of 225mm dia. foul sewer from F52 to F55 and testing",TT_Task,,"3.5m High Noise Barrier adjacent to Kam Tin Road (Length 47.6m)",27-Mar-2015,08-Apr-2015,12,02-Feb-2015,14-Mar-2015,40,-53,28,233.33,01-Oct-2016,01-Oct-2016,10-May-2015,10-May-2015,1,1
823B_As-built,823B-NB3.5-1080,"Construction of Manhole F52, F53, F55",TT_Task,,"3.5m High Noise Barrier adjacent to Kam Tin Road (Length 47.6m)",09-Apr-2015,29-Apr-2015,20,02-Mar-2015,17-Mar-2015,15,-38,-5,-25.00,01-Oct-2016,01-Oct-2016,10-May-2015,10-May-2015,1,1
823B_As-built,823B-NB3.5-1090,"Backfilling to ground level and removal of strut",TT_Task,,"3.5m High Noise Barrier adjacent to Kam Tin Road (Length 47.6m)",20-Mar-2015,02-Apr-2015,13,18-Mar-2015,30-Mar-2015,12,-2,-1,-7.69,01-Oct-2016,01-Oct-2016,10-May-2015,10-May-2015,1,1
823B_As-built,823B-NB3.5-1140,"Construction road kerb and road pavement,etc.",TT_Task,,"3.5m High Noise Barrier adjacent to Kam Tin Road (Length 47.6m)",16-Jul-2015,07-Sep-2015,53,16-Mar-2015,30-Mar-2015,14,-122,-39,-73.58,01-Oct-2016,01-Oct-2016,10-May-2015,10-May-2015,1,1
823B_As-built,823B-NB3.5-1005,"Implementation / Maintenance of Kam Tin Road diversion",TT_Task,,"3.5m High Noise Barrier adjacent to Kam Tin Road (Length 47.6m)",03-Jul-2012,29-Oct-2013,483,03-Jul-2012,28-Mar-2014,633,0,150,31.06,01-Oct-2016,01-Oct-2016,10-May-2015,10-May-2015,1,2
823B_As-built,823B-NB3.5-1150,"Install 3.5m high noise barrier panels",TT_Task,,"3.5m High Noise Barrier adjacent to Kam Tin Road (Length 47.6m)",17-Feb-2016,01-Mar-2016,13,01-Apr-2015,01-Jun-2015,61,-322,48,369.23,01-Oct-2016,01-Oct-2016,10-May-2015,10-May-2015,2,1
823B_As-built,823B-NB9-G-1060,"Laying gully drain and utilities",TT_Task,,"9m High Noise Barrier adjacent to SSS PA2 Area (Length 321m)",16-Feb-2015,02-Jun-2015,106,05-Jan-2015,28-Feb-2015,54,-42,-52,-49.06,01-Oct-2016,01-Oct-2016,17-Feb-2017,17-Feb-2017,1,2
823B_As-built,823B-NB9-G-1070,"Construction road kerb and road pavement,etc.",TT_Task,,"9m High Noise Barrier adjacent to SSS PA2 Area (Length 321m)",13-Oct-2015,05-Dec-2015,53,01-Nov-2014,03-Mar-2015,122,-346,69,130.19,01-Oct-2016,01-Oct-2016,17-Feb-2017,17-Feb-2017,1,1
823B_As-built,823B-NB9-G-1040,"Removal of concrete batching plant",TT_Task,,"9m High Noise Barrier adjacent to SSS PA2 Area (Length 321m)",20-Oct-2014,27-Nov-2014,38,02-Jul-2014,31-Jul-2014,29,-110,-9,-23.68,01-Oct-2016,01-Oct-2016,21-Sep-2014,21-Sep-2014,3,2
823B_As-built,823B-NB9-G-1010,"Installation sheet pile from Bay 6 to Bay 13 and Bay 21 to Bay 25",TT_Task,,"9m High Noise Barrier adjacent to SSS PA2 Area (Length 321m)",07-Jan-2013,28-Jan-2013,21,07-Jan-2013,28-Jan-2013,21,0,0,0.00,01-Oct-2016,01-Oct-2016,21-Sep-2014,21-Sep-2014,1,2
823B_As-built,823B-NB9-G-1020,"Removal of sheet pile from Bay 6 to Bay 13 adjacent to noise barrier",TT_Task,,"9m High Noise Barrier adjacent to SSS PA2 Area (Length 321m)",23-Feb-2015,10-Mar-2015,15,01-Nov-2014,01-Dec-2014,30,-114,15,100.00,01-Oct-2016,01-Oct-2016,10-May-2015,10-May-2015,2,1
823B_As-built,823B-NB9-G-1030,"Installation sheet pile from Bay 14 to Bay 20",TT_Task,,"9m High Noise Barrier adjacent to SSS PA2 Area (Length 321m)",25-Jul-2013,24-Aug-2013,30,03-Jun-2013,28-Jun-2013,25,-52,-5,-16.67,01-Oct-2016,01-Oct-2016,10-May-2015,10-May-2015,1,1
823B_As-built,823B-NB9-G-1050,"Removal of sheet pile from Bay 14 to Bay 25 adjacent to noise barrier",TT_Task,,"9m High Noise Barrier adjacent to SSS PA2 Area (Length 321m)",17-Jun-2015,04-Jul-2015,17,01-Nov-2014,16-Feb-2015,107,-228,90,529.41,01-Oct-2016,01-Oct-2016,17-Feb-2017,17-Feb-2017,1,1
823B_As-built,823B-NB9-G-1080,"Install 9m high noise barrier panels",TT_Task,,"9m High Noise Barrier adjacent to SSS PA2 Area (Length 321m)",11-Jun-2015,04-Sep-2015,85,01-Jun-2015,07-Nov-2015,159,-10,74,87.06,01-Oct-2016,01-Oct-2016,10-May-2015,10-May-2015,5,1
823B_As-built,823B-NB9-Z03-1100,"Laying 375mm storm drain from S48 to CP52 (Length 4m) and testing",TT_Task,,"Bay 14 to Bay 20 (7 Bay, Length 87.5m)",26-Feb-2015,02-Mar-2015,4,12-Jan-2015,13-Jan-2015,1,-45,-3,-75.00,01-Oct-2016,01-Oct-2016,17-Feb-2017,17-Feb-2017,1,1
823B_As-built,823B-NB9-Z03-1110,"Laying 300mm storm drain from S47 to CP47 (Length 4.8m) and testing",TT_Task,,"Bay 14 to Bay 20 (7 Bay, Length 87.5m)",26-Feb-2015,02-Mar-2015,4,14-Jan-2015,15-Jan-2015,1,-43,-3,-75.00,01-Oct-2016,01-Oct-2016,17-Feb-2017,17-Feb-2017,1,1
823B_As-built,823B-NB9-Z03-1120,"Laying 375mm storm drain from S47A to CP51 (Length 2.3m) and testing",TT_Task,,"Bay 14 to Bay 20 (7 Bay, Length 87.5m)",26-Feb-2015,02-Mar-2015,4,16-Jan-2015,17-Jan-2015,1,-41,-3,-75.00,01-Oct-2016,01-Oct-2016,17-Feb-2017,17-Feb-2017,1,1
823B_As-built,823B-NB9-Z03-1130,"Construction of Catchpit CP47",TT_Task,,"Bay 14 to Bay 20 (7 Bay, Length 87.5m)",03-Mar-2015,06-Mar-2015,3,19-Jan-2015,20-Jan-2015,1,-43,-2,-66.67,01-Oct-2016,01-Oct-2016,17-Feb-2017,17-Feb-2017,3,1
823B_As-built,823B-NB9-Z03-1140,"Construction of 300 u-channel",TT_Task,,"Bay 14 to Bay 20 (7 Bay, Length 87.5m)",07-Mar-2015,23-Mar-2015,16,21-Jan-2015,27-Jan-2015,6,-45,-10,-62.50,01-Oct-2016,01-Oct-2016,17-Feb-2017,17-Feb-2017,1,1
823B_As-built,823B-NB9-Z03-1150,"Backfilling to formation level",TT_Task,,"Bay 14 to Bay 20 (7 Bay, Length 87.5m)",24-Mar-2015,01-Apr-2015,8,28-Jan-2015,31-Jan-2015,3,-55,-5,-62.50,01-Oct-2016,01-Oct-2016,17-Feb-2017,17-Feb-2017,1,1
823B_As-built,823B-NB9-Z03-1010,"Excavation and lateral support to +11.25mPD",TT_Task,,"Bay 14 to Bay 20 (7 Bay, Length 87.5m)",26-Aug-2013,25-Sep-2013,30,01-Aug-2013,22-Sep-2014,417,-25,387,1290.00,01-Oct-2016,01-Oct-2016,10-May-2015,10-May-2015,1,1
823B_As-built,823B-NB9-Z03-1020,"Construction of Noise Barrier (2 set of formwork)",TT_Task,,"Bay 14 to Bay 20 (7 Bay, Length 87.5m)",26-Sep-2013,28-Nov-2013,63,21-Aug-2013,02-Jul-2014,315,-36,252,400.00,01-Oct-2016,01-Oct-2016,10-May-2015,10-May-2015,1,2
823B_As-built,823B-NB9-Z03-1040,"Laying of 600mm storm drain from S49 to S48 (Length 44m) and testing",TT_Task,,"Bay 14 to Bay 20 (7 Bay, Length 87.5m)",18-Mar-2015,21-Mar-2015,3,08-Nov-2014,12-Nov-2014,4,-130,1,33.33,01-Oct-2016,01-Oct-2016,17-Feb-2017,17-Feb-2017,1,1
823B_As-built,823B-NB9-Z03-1080,"Construction of Manhole S48, S47 and S47A",TT_Task,,"Bay 14 to Bay 20 (7 Bay, Length 87.5m)",10-Apr-2015,25-Apr-2015,15,27-Nov-2014,03-Jan-2015,37,-134,22,146.67,01-Oct-2016,01-Oct-2016,17-Feb-2017,17-Feb-2017,2,1
823B_As-built,823B-NB9-Z03-1090,"Backfilling to +16.2mPD and removal of strut",TT_Task,,"Bay 14 to Bay 20 (7 Bay, Length 87.5m)",09-Feb-2015,25-Feb-2015,16,05-Jan-2015,10-Jan-2015,5,-35,-11,-68.75,01-Oct-2016,01-Oct-2016,17-Feb-2017,17-Feb-2017,1,3
823B_As-built,823B-NB9-Z03-1050,"Laying of 600mm storm drain from S48 to S47 (Length 27.2m) and testing",TT_Task,,"Bay 14 to Bay 20 (7 Bay, Length 87.5m)",23-Mar-2015,26-Mar-2015,3,13-Nov-2014,17-Nov-2014,4,-130,1,33.33,01-Oct-2016,01-Oct-2016,17-Feb-2017,17-Feb-2017,1,1
823B_As-built,823B-NB9-Z03-1060,"Laying of 600mm storm drain from S47 to S47A (Length 12.5m) and testing",TT_Task,,"Bay 14 to Bay 20 (7 Bay, Length 87.5m)",27-Mar-2015,31-Mar-2015,4,18-Nov-2014,21-Nov-2014,3,-129,-1,-25.00,01-Oct-2016,01-Oct-2016,17-Feb-2017,17-Feb-2017,1,2
823B_As-built,823B-NB9-Z03-1070,"Laying of 600mm storm drain from S47A to S46 (Length 16.1m) and testing",TT_Task,,"Bay 14 to Bay 20 (7 Bay, Length 87.5m)",01-Apr-2015,09-Apr-2015,8,22-Nov-2014,26-Nov-2014,4,-130,-4,-50.00,01-Oct-2016,01-Oct-2016,17-Feb-2017,17-Feb-2017,1,1
823B_As-built,823B-NB9-Z03-1030,"Backfilling to storm drain formation",TT_Task,,"Bay 14 to Bay 20 (7 Bay, Length 87.5m)",11-Mar-2015,17-Mar-2015,6,01-Nov-2014,07-Nov-2014,6,-130,0,0.00,01-Oct-2016,01-Oct-2016,17-Feb-2017,17-Feb-2017,1,1
823B_As-built,823B-NB9-Z02-1030,"Backfilling to storm drain formation",TT_Task,,"Bay 6 to Bay 13 (7 Bay, Length 105.4m)",09-May-2013,16-May-2013,7,01-Nov-2013,08-Nov-2013,7,176,0,0.00,01-Oct-2016,01-Oct-2016,21-Sep-2014,21-Sep-2014,2,1
823B_As-built,823B-NB9-Z02-1090,"Laying 300mm storm drain from S49B to CP49B.1 (Length 2.7m) and testing",TT_Task,,"Bay 6 to Bay 13 (7 Bay, Length 105.4m)",08-Jan-2015,12-Jan-2015,4,08-Jan-2015,12-Jan-2015,4,0,0,0.00,01-Oct-2016,01-Oct-2016,21-Sep-2014,21-Sep-2014,1,1
823B_As-built,823B-NB9-Z02-1100,"Laying 300mm storm drain from S49A to CP49A.2 (Length 2.7m) and testing",TT_Task,,"Bay 6 to Bay 13 (7 Bay, Length 105.4m)",13-Jan-2015,16-Jan-2015,3,13-Jan-2015,16-Jan-2015,3,0,0,0.00,01-Oct-2016,01-Oct-2016,21-Sep-2014,21-Sep-2014,1,1
823B_As-built,823B-NB9-Z02-1110,"Laying 300mm storm drain from S49 to CP49A (Length 5.8m) and testing",TT_Task,,"Bay 6 to Bay 13 (7 Bay, Length 105.4m)",17-Jan-2015,21-Jan-2015,4,17-Jan-2015,21-Jan-2015,4,0,0,0.00,01-Oct-2016,01-Oct-2016,21-Sep-2014,21-Sep-2014,1,1
823B_As-built,823B-NB9-Z02-1080,"Backfilling to =14.0mPD",TT_Task,,"Bay 6 to Bay 13 (7 Bay, Length 105.4m)",05-Jan-2015,07-Jan-2015,2,05-Jan-2015,07-Jan-2015,2,0,0,0.00,01-Oct-2016,01-Oct-2016,21-Sep-2014,21-Sep-2014,1,1
823B_As-built,823B-NB9-Z02-1120,"Backfilling to formation level",TT_Task,,"Bay 6 to Bay 13 (7 Bay, Length 105.4m)",22-Jan-2015,30-Jan-2015,8,22-Jan-2015,30-Jan-2015,8,0,0,0.00,01-Oct-2016,01-Oct-2016,21-Sep-2014,21-Sep-2014,1,2
823B_As-built,823B-NB9-Z02-1020,"Construction of Noise Barrier",TT_Task,,"Bay 6 to Bay 13 (7 Bay, Length 105.4m)",04-Mar-2013,08-May-2013,65,01-Jun-2013,31-Oct-2013,152,89,87,133.85,01-Oct-2016,01-Oct-2016,21-Sep-2014,21-Sep-2014,1,3
823B_As-built,823B-NB9-Z02-1040,"Laying of 675mm storm drain from S49C to S49B (Length 26.6m) and testing",TT_Task,,"Bay 6 to Bay 13 (7 Bay, Length 105.4m)",03-Jan-2015,07-Jan-2015,4,01-Nov-2014,01-Dec-2014,30,-63,26,650.00,01-Oct-2016,01-Oct-2016,21-Sep-2014,21-Sep-2014,1,1
823B_As-built,823B-NB9-Z02-1050,"Laying of 675mm storm drain from S49B to S49A (Length 39.2m) and testing",TT_Task,,"Bay 6 to Bay 13 (7 Bay, Length 105.4m)",08-Jan-2015,12-Jan-2015,4,01-Nov-2014,01-Dec-2014,30,-68,26,650.00,01-Oct-2016,01-Oct-2016,21-Sep-2014,21-Sep-2014,1,1
823B_As-built,823B-NB9-Z02-1060,"Laying of 675mm storm drain from S49A to S49 (Length 43.4m) and testing",TT_Task,,"Bay 6 to Bay 13 (7 Bay, Length 105.4m)",10-Jan-2015,14-Jan-2015,4,02-Dec-2014,03-Jan-2015,32,-39,28,700.00,01-Oct-2016,01-Oct-2016,21-Sep-2014,21-Sep-2014,1,1
823B_As-built,823B-NB9-Z02-1070,"Construction of Manhole S49, S49A and S49B",TT_Task,,"Bay 6 to Bay 13 (7 Bay, Length 105.4m)",01-Jun-2013,08-Jun-2013,7,22-Oct-2013,01-Nov-2014,375,143,368,5257.14,01-Oct-2016,01-Oct-2016,21-Sep-2014,21-Sep-2014,1,1
823B_As-built,823B-NB9-Z02-1010,"Excavation and lateral support",TT_Task,,"Bay 6 to Bay 13 (7 Bay, Length 105.4m)",29-Jan-2013,02-Mar-2013,32,29-Jan-2013,02-Mar-2013,32,0,0,0.00,01-Oct-2016,01-Oct-2016,21-Sep-2014,21-Sep-2014,1,1
823B_As-built,823B-NB9-Z01-1060,"Laying of 525mm storm drain from S49C to S46C (Length 18.6m) and testing",TT_Task,,"Bay 1 to Bay 5 (5 Bay, Length 60.3m)",11-Nov-2014,14-Nov-2014,3,11-Nov-2014,03-Dec-2014,22,0,19,633.33,01-Oct-2016,01-Oct-2016,21-Sep-2014,21-Sep-2014,1,1
823B_As-built,823B-NB9-Z01-1100,"Laying of 450mm storm drain from S36 to CP36 (Length 3m) and testing",TT_Task,,"Bay 1 to Bay 5 (5 Bay, Length 60.3m)",04-Dec-2014,08-Dec-2014,4,04-Dec-2014,08-Dec-2014,4,0,0,0.00,01-Oct-2016,01-Oct-2016,21-Sep-2014,21-Sep-2014,1,2
823B_As-built,823B-NB9-Z01-1110,"Construction of Manhole CP36E and CP36",TT_Task,,"Bay 1 to Bay 5 (5 Bay, Length 60.3m)",09-Dec-2014,16-Dec-2014,7,09-Dec-2014,16-Dec-2014,7,0,0,0.00,01-Oct-2016,01-Oct-2016,21-Sep-2014,21-Sep-2014,2,1
823B_As-built,823B-NB9-Z01-1150,"Laying 30mm subsoil drain from CP38F to CP36E",TT_Task,,"Bay 1 to Bay 5 (5 Bay, Length 60.3m)",22-Dec-2014,23-Dec-2014,1,22-Dec-2014,23-Dec-2014,1,0,0,0.00,01-Oct-2016,01-Oct-2016,21-Sep-2014,21-Sep-2014,1,1
823B_As-built,823B-NB9-Z01-1130,"Laying of 150mm dia. foul sewer from F1 to P1 no.11 (Length 9.3m) and testing",TT_Task,,"Bay 1 to Bay 5 (5 Bay, Length 60.3m)",09-Dec-2014,12-Dec-2014,3,09-Dec-2014,12-Dec-2014,3,0,0,0.00,01-Oct-2016,01-Oct-2016,21-Sep-2014,21-Sep-2014,1,1
823B_As-built,823B-NB9-Z01-1010,"Open cut excavation",TT_Task,,"Bay 1 to Bay 5 (5 Bay, Length 60.3m)",05-Nov-2012,30-Nov-2012,25,05-Nov-2012,30-Nov-2012,25,0,0,0.00,01-Oct-2016,01-Oct-2016,21-Sep-2014,21-Sep-2014,1,1
823B_As-built,823B-NB9-Z01-1020,"Construction of Noise Barrier",TT_Task,,"Bay 1 to Bay 5 (5 Bay, Length 60.3m)",01-Dec-2012,17-Jan-2013,47,01-Dec-2012,17-Jan-2013,47,0,0,0.00,01-Oct-2016,01-Oct-2016,21-Sep-2014,21-Sep-2014,1,2
823B_As-built,823B-NB9-Z01-1040,"Laying of 900mm storm drain from S37 to S36 (Length 29m) and testing",TT_Task,,"Bay 1 to Bay 5 (5 Bay, Length 60.3m)",01-Nov-2014,05-Nov-2014,4,01-Nov-2014,01-Dec-2014,30,0,26,650.00,01-Oct-2016,01-Oct-2016,21-Sep-2014,21-Sep-2014,1,1
823B_As-built,823B-NB9-Z01-1070,"Construction of Manhole S37, S36 and S49C",TT_Task,,"Bay 1 to Bay 5 (5 Bay, Length 60.3m)",15-Mar-2014,31-Mar-2014,16,01-Mar-2014,01-Nov-2014,245,-14,229,1431.25,01-Oct-2016,01-Oct-2016,21-Sep-2014,21-Sep-2014,1,1
823B_As-built,823B-NB9-Z01-1080,"Backfilling to foul sewer formation",TT_Task,,"Bay 1 to Bay 5 (5 Bay, Length 60.3m)",27-Nov-2014,01-Dec-2014,4,03-Nov-2014,06-Nov-2014,3,-24,-1,-25.00,01-Oct-2016,01-Oct-2016,21-Sep-2014,21-Sep-2014,1,2
823B_As-built,823B-NB9-Z01-1120,"Laying of 225mm dia. foul sewer from F1B to F1 (Length 38.8m) and testing",TT_Task,,"Bay 1 to Bay 5 (5 Bay, Length 60.3m)",09-Dec-2014,15-Dec-2014,6,09-Dec-2014,15-Dec-2014,6,0,0,0.00,01-Oct-2016,01-Oct-2016,21-Sep-2014,21-Sep-2014,1,2
823B_As-built,823B-NB9-Z01-1140,"Construction of Manhole F1B, F1A and F1",TT_Task,,"Bay 1 to Bay 5 (5 Bay, Length 60.3m)",23-Apr-2014,29-Apr-2014,6,01-Mar-2014,20-Dec-2014,294,-53,288,4800.00,01-Oct-2016,01-Oct-2016,21-Sep-2014,21-Sep-2014,3,1
823B_As-built,823B-NB9-Z01-1160,"Backfilling to formation level",TT_Task,,"Bay 1 to Bay 5 (5 Bay, Length 60.3m)",24-Dec-2014,05-Jan-2015,12,24-Dec-2014,29-Dec-2014,5,0,-7,-58.33,01-Oct-2016,01-Oct-2016,21-Sep-2014,21-Sep-2014,1,1
823B_As-built,823B-NB9-Z01-1050,"Laying of 750mm storm drain from S36 to S49C (Length 17.4m) and testing",TT_Task,,"Bay 1 to Bay 5 (5 Bay, Length 60.3m)",06-Nov-2014,10-Nov-2014,4,06-Nov-2014,02-Dec-2014,26,0,22,550.00,01-Oct-2016,01-Oct-2016,21-Sep-2014,21-Sep-2014,1,1
823B_As-built,823B-NB9-Z01-1030,"Backfilling to storm drain formation",TT_Task,,"Bay 1 to Bay 5 (5 Bay, Length 60.3m)",18-Jan-2013,24-Jan-2013,6,18-Jan-2013,24-Jan-2013,6,0,0,0.00,01-Oct-2016,01-Oct-2016,21-Sep-2014,21-Sep-2014,1,1
823B_As-built,823B-NB9-Z01-1090,"Laying of 300mm storm drain from S36 to CP36E (Length 4m) and testing",TT_Task,,"Bay 1 to Bay 5 (5 Bay, Length 60.3m)",04-Dec-2014,08-Dec-2014,4,04-Dec-2014,08-Dec-2014,4,0,0,0.00,01-Oct-2016,01-Oct-2016,21-Sep-2014,21-Sep-2014,1,1
823B_As-built,823B-NB9-Z04-1010,"Excavation and lateral support",TT_Task,,"Bay 21 to Bay 25 (5 Bay, Length 67.8m)",29-Jan-2013,27-Feb-2013,29,02-Dec-2013,07-May-2014,156,307,127,437.93,01-Oct-2016,01-Oct-2016,10-May-2015,10-May-2015,1,1
823B_As-built,823B-NB9-Z04-1020,"Construction of Noise Barrier",TT_Task,,"Bay 21 to Bay 25 (5 Bay, Length 67.8m)",28-Feb-2013,18-Apr-2013,49,31-Dec-2013,31-May-2014,151,306,102,208.16,01-Oct-2016,01-Oct-2016,10-May-2015,10-May-2015,1,2
823B_As-built,823B-NB9-Z04-1060,"Construction of Manhole S46 and S45",TT_Task,,"Bay 21 to Bay 25 (5 Bay, Length 67.8m)",18-Nov-2014,25-Nov-2014,7,18-Nov-2014,08-Dec-2014,20,0,13,185.71,01-Oct-2016,01-Oct-2016,10-May-2015,10-May-2015,1,1
823B_As-built,823B-NB9-Z04-1070,"Backfilling to +16.2mPD and removal of strut",TT_Task,,"Bay 21 to Bay 25 (5 Bay, Length 67.8m)",09-Dec-2014,22-Dec-2014,13,09-Dec-2014,22-Dec-2014,13,0,0,0.00,01-Oct-2016,01-Oct-2016,10-May-2015,10-May-2015,1,3
823B_As-built,823B-NB9-Z04-1030,"Backfilling to storm drain formation",TT_Task,,"Bay 21 to Bay 25 (5 Bay, Length 67.8m)",01-Nov-2014,07-Nov-2014,6,01-Nov-2014,07-Nov-2014,6,0,0,0.00,01-Oct-2016,01-Oct-2016,10-May-2015,10-May-2015,1,1
823B_As-built,823B-NB9-Z04-1040,"Laying of 525mm storm drain from S46 to S45 (Length 36.3m) and testing",TT_Task,,"Bay 21 to Bay 25 (5 Bay, Length 67.8m)",08-Nov-2014,12-Nov-2014,4,08-Nov-2014,12-Nov-2014,4,0,0,0.00,01-Oct-2016,01-Oct-2016,10-May-2015,10-May-2015,1,1
823B_As-built,823B-NB9-Z04-1050,"Laying of 375mm storm drain from S45 to S44 (Length 36.3m) and testing",TT_Task,,"Bay 21 to Bay 25 (5 Bay, Length 67.8m)",13-Nov-2014,17-Nov-2014,4,13-Nov-2014,17-Nov-2014,4,0,0,0.00,01-Oct-2016,01-Oct-2016,10-May-2015,10-May-2015,1,1
823B_As-built,823B-NB9-Z04-1080,"Laying 300mm storm drain from S46 to CP46 (Length 4.5m) and testing",TT_Task,,"Bay 21 to Bay 25 (5 Bay, Length 67.8m)",23-Dec-2014,29-Dec-2014,6,23-Dec-2014,29-Dec-2014,6,0,0,0.00,01-Oct-2016,01-Oct-2016,10-May-2015,10-May-2015,1,1
823B_As-built,823B-NB9-Z04-1090,"Laying 300mm storm drain from S45 to CP45 (Length 4.8m) and testing",TT_Task,,"Bay 21 to Bay 25 (5 Bay, Length 67.8m)",23-Dec-2014,29-Dec-2014,6,23-Dec-2014,29-Dec-2014,6,0,0,0.00,01-Oct-2016,01-Oct-2016,10-May-2015,10-May-2015,1,1
823B_As-built,823B-NB9-Z04-1100,"Laying 450mm storm drain from S45 to CP50 (Length 2.3m) and testing",TT_Task,,"Bay 21 to Bay 25 (5 Bay, Length 67.8m)",23-Dec-2014,29-Dec-2014,6,23-Dec-2014,29-Dec-2014,6,0,0,0.00,01-Oct-2016,01-Oct-2016,10-May-2015,10-May-2015,1,1
823B_As-built,823B-NB9-Z04-1110,"Construction of Catchpit CP47, CP46 and CP45",TT_Task,,"Bay 21 to Bay 25 (5 Bay, Length 67.8m)",30-Dec-2014,06-Jan-2015,7,30-Dec-2014,03-Feb-2015,35,0,28,400.00,01-Oct-2016,01-Oct-2016,10-May-2015,10-May-2015,3,1
823B_As-built,823B-NB9-Z04-1120,"Construction of 300 u-channel",TT_Task,,"Bay 21 to Bay 25 (5 Bay, Length 67.8m)",06-Jan-2015,21-Jan-2015,15,05-Jan-2015,07-Feb-2015,33,-1,18,120.00,01-Oct-2016,01-Oct-2016,10-May-2015,10-May-2015,1,1
823B_As-built,823B-NB9-Z04-1130,"Backfilling to formation level",TT_Task,,"Bay 21 to Bay 25 (5 Bay, Length 67.8m)",22-Jan-2015,30-Jan-2015,8,12-Jan-2015,10-Feb-2015,29,-10,21,262.50,01-Oct-2016,01-Oct-2016,10-May-2015,10-May-2015,1,1
823B_As-built,823B-NB12-G-1030,"Installation sheet pile from Bay 10 to Bay 18",TT_Task,,"3.5~11.5m High Noise Barrier adjacent to Running and Approach Tunnel (Length 235m)",07-Oct-2013,09-Nov-2013,33,15-Aug-2013,02-Dec-2013,109,-53,76,230.30,01-Oct-2016,01-Oct-2016,10-May-2015,10-May-2015,1,1
823B_As-built,823B-NB12-G-1040,"Excavation and lateral support to +10.00mPD~+19.00mPD from Bay 5 to Bay 18",TT_Task,,"3.5~11.5m High Noise Barrier adjacent to Running and Approach Tunnel (Length 235m)",11-Nov-2013,14-Dec-2013,33,03-Dec-2013,01-Nov-2014,333,22,300,909.09,01-Oct-2016,01-Oct-2016,10-May-2015,10-May-2015,1,2
823B_As-built,823B-NB12-G-1050,"Removal of sheet pile, laying gully drain and utilities",TT_Task,,"3.5~11.5m High Noise Barrier adjacent to Running and Approach Tunnel (Length 235m)",26-Jun-2015,03-Oct-2015,99,01-Apr-2015,24-Jun-2015,84,-86,-15,-15.15,01-Oct-2016,01-Oct-2016,10-May-2015,10-May-2015,2,2
823B_As-built,823B-NB12-G-1060,"Construction road kerb and road pavement,etc.",TT_Task,,"3.5~11.5m High Noise Barrier adjacent to Running and Approach Tunnel (Length 235m)",08-Sep-2015,04-Nov-2015,57,02-Mar-2015,06-Aug-2015,157,-190,100,175.44,01-Oct-2016,01-Oct-2016,10-May-2015,10-May-2015,1,1
823B_As-built,823B-NB12-G-1080,"Construction road kerb and road pavement,etc. (Bay 1 to Bay 4)",TT_Task,,"3.5~11.5m High Noise Barrier adjacent to Running and Approach Tunnel (Length 235m)",23-Jul-2015,26-Aug-2015,34,01-Jun-2015,13-Aug-2015,73,-52,39,114.71,01-Oct-2016,01-Oct-2016,10-May-2015,10-May-2015,2,1
823B_As-built,823B-NB12-G-1070,"Removal of sheet pile, laying gully drain and utilities (Bay 1 to Bay 9)",TT_Task,,"3.5~11.5m High Noise Barrier adjacent to Running and Approach Tunnel (Length 235m)",02-Mar-2015,28-Mar-2015,26,02-Mar-2015,21-Apr-2015,50,0,24,92.31,01-Oct-2016,01-Oct-2016,10-May-2015,10-May-2015,1,2
823B_As-built,823B-NB12-G-1010,"Installation sheet pile from Bay 1 to Bay 9",TT_Task,,"3.5~11.5m High Noise Barrier adjacent to Running and Approach Tunnel (Length 235m)",17-Jun-2013,29-Jun-2013,12,01-Aug-2013,14-Aug-2013,13,45,1,8.33,01-Oct-2016,01-Oct-2016,10-May-2015,10-May-2015,1,1
823B_As-built,823B-NB12-G-1020,"Excavation and lateral support to +10.00mPD~+19.00mPD from Bay 1 to Bay 4",TT_Task,,"3.5~11.5m High Noise Barrier adjacent to Running and Approach Tunnel (Length 235m)",02-Jul-2013,25-Jul-2013,23,15-Aug-2013,24-Sep-2013,40,44,17,73.91,01-Oct-2016,01-Oct-2016,10-May-2015,10-May-2015,1,1
823B_As-built,823B-NB12-G-1090,"Install 3.5~11.5m high noise barrier panels",TT_Task,,"3.5~11.5m High Noise Barrier adjacent to Running and Approach Tunnel (Length 235m)",06-Aug-2015,16-Oct-2015,71,13-Apr-2015,25-Aug-2015,134,-115,63,88.73,01-Oct-2016,01-Oct-2016,10-May-2015,10-May-2015,4,1
823B_As-built,823B-NB12-Z02-1010,"Construction of Noise Barrier",TT_Task,,"Bay 5 to Bay 11 (7 Bay, Length 90.2m)",16-Dec-2013,08-Mar-2014,82,02-Dec-2013,01-Nov-2014,334,-14,252,307.32,01-Oct-2016,01-Oct-2016,10-May-2015,10-May-2015,1,2
823B_As-built,823B-NB12-Z02-1040,"Backfilling to ground level and removal of strut",TT_Task,,"Bay 5 to Bay 11 (7 Bay, Length 90.2m)",07-Mar-2015,02-Apr-2015,26,07-Mar-2015,27-Apr-2015,51,0,25,96.15,01-Oct-2016,01-Oct-2016,10-May-2015,10-May-2015,1,1
823B_As-built,823B-NB12-Z02-1020,"Laying of 375mm, 675mm and 750mm dia storm drain from S62 to S59 and testing",TT_Task,,"Bay 5 to Bay 11 (7 Bay, Length 90.2m)",14-Jan-2015,05-Feb-2015,22,01-Nov-2014,10-Apr-2015,160,-74,138,627.27,01-Oct-2016,01-Oct-2016,10-May-2015,10-May-2015,1,1
823B_As-built,823B-NB12-Z02-1030,"Construction of Manhole S61, S60, STMH5, S59A and S59",TT_Task,,"Bay 5 to Bay 11 (7 Bay, Length 90.2m)",31-Oct-2014,02-Dec-2014,32,01-Mar-2014,01-Nov-2014,245,-244,213,665.63,01-Oct-2016,01-Oct-2016,10-May-2015,10-May-2015,1,1
823B_As-built,823B-NB12-Z03-1020,"Laying of 375mm dia storm drain from S59 to S55 and testing",TT_Task,,"Bay 12 to Bay 18 (7 Bay, Length 94.3m)",09-Mar-2015,31-Mar-2015,22,02-Feb-2015,07-May-2015,94,-35,72,327.27,01-Oct-2016,01-Oct-2016,10-May-2015,10-May-2015,1,1
823B_As-built,823B-NB12-Z03-1030,"Construction of Manhole S58, S57 and S56",TT_Task,,"Bay 12 to Bay 18 (7 Bay, Length 94.3m)",01-Apr-2015,29-Apr-2015,28,23-Feb-2015,13-May-2015,79,-37,51,182.14,01-Oct-2016,01-Oct-2016,10-May-2015,10-May-2015,1,1
823B_As-built,823B-NB12-Z03-1010,"Construction of Noise Barrier",TT_Task,,"Bay 12 to Bay 18 (7 Bay, Length 94.3m)",20-Nov-2014,07-Feb-2015,79,20-Oct-2014,30-Apr-2015,192,-31,113,143.04,01-Oct-2016,01-Oct-2016,10-May-2015,10-May-2015,1,2
823B_As-built,823B-NB12-Z03-1040,"Backfilling to ground level and removal of strut",TT_Task,,"Bay 12 to Bay 18 (7 Bay, Length 94.3m)",30-Apr-2015,30-May-2015,30,02-Mar-2015,20-May-2015,79,-59,49,163.33,01-Oct-2016,01-Oct-2016,10-May-2015,10-May-2015,1,1
823B_As-built,823B-NB12-Z01-1010,"Construction of Noise Barrier",TT_Task,,"Bay 1 to Bay 4 (4 Bay, Length 50.5m)",26-Jul-2013,31-Aug-2013,36,25-Sep-2013,21-Dec-2013,87,61,51,141.67,01-Oct-2016,01-Oct-2016,10-May-2015,10-May-2015,1,3
823B_As-built,823B-NB12-Z01-1040,"Backfilling to ground level and removal of strut",TT_Task,,"Bay 1 to Bay 4 (4 Bay, Length 50.5m)",01-Dec-2014,17-Dec-2014,16,01-Dec-2014,17-Dec-2014,16,0,0,0.00,01-Oct-2016,01-Oct-2016,17-Feb-2017,17-Feb-2017,1,1
823B_As-built,823B-NB12-Z01-1020,"Laying of 375mm dia storm drain from S62 to S60 and testing",TT_Task,,"Bay 1 to Bay 4 (4 Bay, Length 50.5m)",01-Nov-2014,10-Nov-2014,9,01-Nov-2014,10-Nov-2014,9,0,0,0.00,01-Oct-2016,01-Oct-2016,17-Feb-2017,17-Feb-2017,1,1
823B_As-built,823B-NB12-Z01-1030,"Construction of Manhole S61",TT_Task,,"Bay 1 to Bay 4 (4 Bay, Length 50.5m)",11-Nov-2014,14-Nov-2014,3,11-Nov-2014,14-Nov-2014,3,0,0,0.00,01-Oct-2016,01-Oct-2016,17-Feb-2017,17-Feb-2017,1,1
823B_As-built,823B-NB10-G-1010,"Construction of partial SSS work (6 track area) PA3.1",TT_Task,,"10m High Noise Barrier at SSS PA3 Area (Length 571m)",16-Apr-2013,10-Aug-2013,116,16-Apr-2013,05-Nov-2014,568,0,452,389.66,01-Oct-2016,01-Oct-2016,30-Jun-2014,30-Jun-2014,1,3
823B_As-built,823B-NB10-G-1040,"Installation sheet pile from Noise Barrier Bay 1 ~ Bay 61",TT_Task,,"10m High Noise Barrier at SSS PA3 Area (Length 571m)",28-Dec-2012,22-Apr-2013,115,28-Dec-2012,22-Apr-2013,115,0,0,0.00,01-Oct-2016,01-Oct-2016,21-Sep-2014,21-Sep-2014,1,3
823B_As-built,823B-NB10-G-1020,"Construction of remaining SSS work (2 track area) PA3.2",TT_Task,,"10m High Noise Barrier at SSS PA3 Area (Length 571m)",13-Sep-2013,16-Nov-2013,64,13-Sep-2013,12-Dec-2014,455,0,391,610.94,01-Oct-2016,01-Oct-2016,17-Feb-2017,17-Feb-2017,1,2
823B_As-built,823B-NB10-G-1030,"Backfilling of V channel",TT_Task,,"10m High Noise Barrier at SSS PA3 Area (Length 571m)",26-Nov-2012,15-Apr-2013,140,26-Nov-2012,15-Apr-2013,140,0,0,0.00,01-Oct-2016,01-Oct-2016,30-Jun-2014,30-Jun-2014,1,6
823B_As-built,823B-NB10-G-1050,"Laying gully drain and utilities",TT_Task,,"10m High Noise Barrier at SSS PA3 Area (Length 571m)",11-Nov-2014,07-Mar-2015,116,01-Sep-2014,30-Sep-2014,29,-71,-87,-75.00,01-Oct-2016,01-Oct-2016,17-Feb-2017,17-Feb-2017,13,1
823B_As-built,823B-NB10-G-1060,"Construction road kerb and road pavement,etc.",TT_Task,,"10m High Noise Barrier at SSS PA3 Area (Length 571m)",09-Mar-2015,06-May-2015,58,01-Sep-2014,30-Sep-2014,29,-189,-29,-50.00,01-Oct-2016,01-Oct-2016,17-Feb-2017,17-Feb-2017,1,1
823B_As-built,823B-NB10-G-1070,"Install 10m high noise barrier panels",TT_Task,,"10m High Noise Barrier at SSS PA3 Area (Length 571m)",29-Aug-2014,24-Apr-2015,238,01-Aug-2014,10-Aug-2015,374,-28,136,57.14,01-Oct-2016,01-Oct-2016,10-May-2015,10-May-2015,13,1
823B_As-built,823B-NB10-Z01-1050,"Construction of Noise Barrier",TT_Task,,"Bay 1 to Bay 5 (5 Bay, Length 49.1m)",25-Jul-2013,09-Sep-2013,46,27-Dec-2013,12-Feb-2014,47,155,1,2.17,01-Oct-2016,01-Oct-2016,10-May-2015,10-May-2015,1,2
823B_As-built,823B-NB10-Z01-1010,"Excavation and lateral support",TT_Task,,"Bay 1 to Bay 5 (5 Bay, Length 49.1m)",24-May-2013,29-Jun-2013,36,02-Dec-2013,18-Jan-2014,47,192,11,30.56,01-Oct-2016,01-Oct-2016,10-May-2015,10-May-2015,3,1
823B_As-built,823B-NB10-Z01-1020,"Laying 1050mm storm drain from S8 to S7 (length 75m) and testing",TT_Task,,"Bay 1 to Bay 5 (5 Bay, Length 49.1m)",02-May-2014,09-May-2014,7,02-May-2014,09-May-2014,7,0,0,0.00,01-Oct-2016,01-Oct-2016,10-May-2015,10-May-2015,1,1
823B_As-built,823B-NB10-Z01-1030,"Construction of storm water manhole S8",TT_Task,,"Bay 1 to Bay 5 (5 Bay, Length 49.1m)",10-May-2014,17-May-2014,7,10-May-2014,17-May-2014,7,0,0,0.00,01-Oct-2016,01-Oct-2016,10-May-2015,10-May-2015,1,1
823B_As-built,823B-NB10-Z01-1110,"Backfilling to ground level and removal of strut",TT_Task,,"Bay 1 to Bay 5 (5 Bay, Length 49.1m)",17-Jul-2014,30-Jul-2014,13,17-Jul-2014,16-Sep-2014,61,0,48,369.23,01-Oct-2016,01-Oct-2016,10-May-2015,10-May-2015,2,1
823B_As-built,823B-NB10-Z01-1090,"Laying of 225mm Sewerage pipe from F52 to F50 (Length  73.4m) and testing",TT_Task,,"Bay 1 to Bay 5 (5 Bay, Length 49.1m)",02-Jul-2014,08-Jul-2014,6,02-Jul-2014,03-Sep-2014,63,0,57,950.00,01-Oct-2016,01-Oct-2016,10-May-2015,10-May-2015,1,1
823B_As-built,823B-NB10-Z01-1100,"Construction of storm water manhole F52, F51 and F50",TT_Task,,"Bay 1 to Bay 5 (5 Bay, Length 49.1m)",09-Jul-2014,16-Jul-2014,7,09-Jul-2014,08-Sep-2014,61,0,54,771.43,01-Oct-2016,01-Oct-2016,10-May-2015,10-May-2015,1,1
823B_As-built,823B-NB10-Z01-1040,"Backfilling to noise barrier formation",TT_Task,,"Bay 1 to Bay 5 (5 Bay, Length 49.1m)",19-May-2014,26-May-2014,7,19-May-2014,26-May-2014,7,0,0,0.00,01-Oct-2016,01-Oct-2016,10-May-2015,10-May-2015,1,1
823B_As-built,823B-NB10-Z01-1070,"Laying 375mm storm drain from S8 to CP9B (length 15.3m), 250mm HDPE pipe (length 49.1m)",TT_Task,,"Bay 1 to Bay 5 (5 Bay, Length 49.1m)",02-Jul-2014,05-Jul-2014,3,02-Jul-2014,02-Sep-2014,62,0,59,1966.67,01-Oct-2016,01-Oct-2016,10-May-2015,10-May-2015,1,1
823B_As-built,823B-NB10-Z01-1060,"Backfilling storm drain formation",TT_Task,,"Bay 1 to Bay 5 (5 Bay, Length 49.1m)",10-Sep-2013,12-Sep-2013,2,13-Feb-2014,17-Feb-2014,4,156,2,100.00,01-Oct-2016,01-Oct-2016,10-May-2015,10-May-2015,1,2
823B_As-built,823B-NB10-Z01-1080,"Construction of storm water manhole CP9B",TT_Task,,"Bay 1 to Bay 5 (5 Bay, Length 49.1m)",07-Jul-2014,10-Jul-2014,3,07-Jul-2014,04-Sep-2014,59,0,56,1866.67,01-Oct-2016,01-Oct-2016,10-May-2015,10-May-2015,1,1
823B_As-built,823B-NB10-Z01-1120,"Construction of remaining SSS work (2 track area) PA3.2",TT_Task,,"Bay 1 to Bay 5 (5 Bay, Length 49.1m)",31-Jul-2014,01-Sep-2014,32,21-Jul-2014,12-Dec-2014,144,-10,112,350.00,01-Oct-2016,01-Oct-2016,10-May-2015,10-May-2015,1,3
823B_As-built,823B-NB10-Z05-1060,"Construction of Noise Barrier",TT_Task,,"Bay 21 to Bay 24 (4 Bay, Length 36m)",27-Jun-2014,04-Aug-2014,38,26-May-2014,31-May-2014,5,-32,-33,-86.84,01-Oct-2016,01-Oct-2016,10-May-2015,10-May-2015,1,2
823B_As-built,823B-NB10-Z05-1010,"Excavation and lateral support",TT_Task,,"Bay 21 to Bay 24 (4 Bay, Length 36m)",02-May-2014,04-Jun-2014,33,02-May-2014,02-May-2014,,0,,,01-Oct-2016,01-Oct-2016,10-May-2015,10-May-2015,1,1
823B_As-built,823B-NB10-Z05-1030,"Laying 750mm storm drain from S5 to S4 (length 78.3m) and testing",TT_Task,,"Bay 21 to Bay 24 (4 Bay, Length 36m)",05-Jun-2014,11-Jun-2014,6,13-May-2014,16-May-2014,3,-23,-3,-50.00,01-Oct-2016,01-Oct-2016,10-May-2015,10-May-2015,1,1
823B_As-built,823B-NB10-Z05-1040,"Construction of storm water manhole S5",TT_Task,,"Bay 21 to Bay 24 (4 Bay, Length 36m)",12-Jun-2014,19-Jun-2014,7,17-May-2014,21-May-2014,4,-26,-3,-42.86,01-Oct-2016,01-Oct-2016,10-May-2015,10-May-2015,1,1
823B_As-built,823B-NB10-Z05-1100,"Backfilling to ground level and removal of strut",TT_Task,,"Bay 21 to Bay 24 (4 Bay, Length 36m)",16-Jul-2014,01-Aug-2014,16,16-Jul-2014,17-Sep-2014,63,0,47,293.75,01-Oct-2016,01-Oct-2016,17-Feb-2017,17-Feb-2017,1,1
823B_As-built,823B-NB10-Z05-1020,"Laying of 225mm Sewerage pipe from F47 to F46 (Length  36.7m) and testing",TT_Task,,"Bay 21 to Bay 24 (4 Bay, Length 36m)",05-Jun-2014,11-Jun-2014,6,03-May-2014,12-May-2014,9,-33,3,50.00,01-Oct-2016,01-Oct-2016,10-May-2015,10-May-2015,1,1
823B_As-built,823B-NB10-Z05-1050,"Backfilling to noise barrier formation",TT_Task,,"Bay 21 to Bay 24 (4 Bay, Length 36m)",20-Jun-2014,26-Jun-2014,6,22-May-2014,24-May-2014,2,-29,-4,-66.67,01-Oct-2016,01-Oct-2016,10-May-2015,10-May-2015,1,1
823B_As-built,823B-NB10-Z05-1080,"Laying 250mm HDPE pipe (length 872m) and 450mm storm drain (length 4.8m)",TT_Task,,"Bay 21 to Bay 24 (4 Bay, Length 36m)",09-Jul-2014,10-Jul-2014,1,09-Jul-2014,04-Sep-2014,57,0,56,5600.00,01-Oct-2016,01-Oct-2016,17-Feb-2017,17-Feb-2017,1,1
823B_As-built,823B-NB10-Z05-1070,"Backfilling to storm drainage formation",TT_Task,,"Bay 21 to Bay 24 (4 Bay, Length 36m)",02-Jul-2014,08-Jul-2014,6,02-Jul-2014,03-Sep-2014,63,0,57,950.00,01-Oct-2016,01-Oct-2016,17-Feb-2017,17-Feb-2017,1,1
823B_As-built,823B-NB10-Z05-1090,"Construction of storm water manhole CP5",TT_Task,,"Bay 21 to Bay 24 (4 Bay, Length 36m)",11-Jul-2014,15-Jul-2014,4,11-Jul-2014,06-Sep-2014,57,0,53,1325.00,01-Oct-2016,01-Oct-2016,17-Feb-2017,17-Feb-2017,1,1
823B_As-built,823B-NB10-Z05-1110,"Construction of remaining SSS work (2 track area) PA3.2",TT_Task,,"Bay 21 to Bay 24 (4 Bay, Length 36m)",02-Aug-2014,03-Sep-2014,32,02-Jul-2014,03-Jul-2014,1,-31,-31,-96.88,01-Oct-2016,01-Oct-2016,17-Feb-2017,17-Feb-2017,1,2
823B_As-built,823B-NB10-Z04-1070,"Construction of Noise Barrier",TT_Task,,"Bay 16 to Bay 20 (5 Bay, Length 45m)",22-Jul-2013,05-Sep-2013,45,19-Nov-2013,19-Feb-2014,92,120,47,104.44,01-Oct-2016,01-Oct-2016,10-May-2015,10-May-2015,2,2
823B_As-built,823B-NB10-Z04-1010,"Excavation and lateral support",TT_Task,,"Bay 16 to Bay 20 (5 Bay, Length 45m)",24-May-2013,27-Jun-2013,34,14-Nov-2013,23-Dec-2013,39,174,5,14.71,01-Oct-2016,01-Oct-2016,10-May-2015,10-May-2015,1,2
823B_As-built,823B-NB10-Z04-1040,"Laying 750mm storm drain from S5 to S4 (length 78.3m) and testing",TT_Task,,"Bay 16 to Bay 20 (5 Bay, Length 45m)",02-May-2014,09-May-2014,7,13-May-2014,16-May-2014,3,11,-4,-57.14,01-Oct-2016,01-Oct-2016,10-May-2015,10-May-2015,1,1
823B_As-built,823B-NB10-Z04-1050,"Construction of storm water manhole S5",TT_Task,,"Bay 16 to Bay 20 (5 Bay, Length 45m)",10-May-2014,17-May-2014,7,17-May-2014,21-May-2014,4,7,-3,-42.86,01-Oct-2016,01-Oct-2016,10-May-2015,10-May-2015,1,1
823B_As-built,823B-NB10-Z04-1110,"Backfilling to ground level and removal of strut",TT_Task,,"Bay 16 to Bay 20 (5 Bay, Length 45m)",09-Jul-2014,25-Jul-2014,16,09-Jul-2014,04-Sep-2014,57,0,41,256.25,01-Oct-2016,01-Oct-2016,17-Feb-2017,17-Feb-2017,1,1
823B_As-built,823B-NB10-Z04-1020,"Laying of 225mm Sewerage pipe from F48 to F47 (Length  38.8m) and testing",TT_Task,,"Bay 16 to Bay 20 (5 Bay, Length 45m)",02-May-2014,09-May-2014,7,02-May-2014,07-May-2014,5,0,-2,-28.57,01-Oct-2016,01-Oct-2016,10-May-2015,10-May-2015,1,2
823B_As-built,823B-NB10-Z04-1030,"Construction of storm water manhole F48 and F47",TT_Task,,"Bay 16 to Bay 20 (5 Bay, Length 45m)",10-May-2014,17-May-2014,7,08-May-2014,12-May-2014,4,-2,-3,-42.86,01-Oct-2016,01-Oct-2016,10-May-2015,10-May-2015,1,1
823B_As-built,823B-NB10-Z04-1060,"Backfilling to noise barrier formation",TT_Task,,"Bay 16 to Bay 20 (5 Bay, Length 45m)",19-May-2014,24-May-2014,5,19-May-2014,24-May-2014,5,0,0,0.00,01-Oct-2016,01-Oct-2016,10-May-2015,10-May-2015,1,1
823B_As-built,823B-NB10-Z04-1090,"Laying 250mm HDPE pipe (length 872m) and 450mm storm drain (length 4.8m)",TT_Task,,"Bay 16 to Bay 20 (5 Bay, Length 45m)",02-Jul-2014,03-Jul-2014,1,02-Jul-2014,01-Sep-2014,61,0,60,6000.00,01-Oct-2016,01-Oct-2016,17-Feb-2017,17-Feb-2017,1,1
823B_As-built,823B-NB10-Z04-1080,"Backfilling to storm drainage formation",TT_Task,,"Bay 16 to Bay 20 (5 Bay, Length 45m)",06-Sep-2013,12-Sep-2013,6,20-Feb-2014,27-Feb-2014,7,167,1,16.67,01-Oct-2016,01-Oct-2016,17-Feb-2017,17-Feb-2017,1,1
823B_As-built,823B-NB10-Z04-1100,"Construction of storm water manhole CP5",TT_Task,,"Bay 16 to Bay 20 (5 Bay, Length 45m)",04-Jul-2014,08-Jul-2014,4,04-Jul-2014,02-Sep-2014,60,0,56,1400.00,01-Oct-2016,01-Oct-2016,17-Feb-2017,17-Feb-2017,1,1
823B_As-built,823B-NB10-Z04-1120,"Construction of remaining SSS work (2 track area) PA3.2",TT_Task,,"Bay 16 to Bay 20 (5 Bay, Length 45m)",26-Jul-2014,27-Aug-2014,32,02-Jul-2014,03-Jul-2014,1,-24,-31,-96.88,01-Oct-2016,01-Oct-2016,17-Feb-2017,17-Feb-2017,1,2
823B_As-built,823B-NB10-Z02-1050,"Construction of Noise Barrier",TT_Task,,"Bay 6 to Bay 10 (5 Bay, Length 45m)",30-Jun-2014,15-Aug-2014,46,26-May-2014,31-May-2014,5,-35,-41,-89.13,01-Oct-2016,01-Oct-2016,10-May-2015,10-May-2015,1,2
823B_As-built,823B-NB10-Z02-1010,"Excavation and lateral support",TT_Task,,"Bay 6 to Bay 10 (5 Bay, Length 45m)",02-May-2014,06-Jun-2014,35,02-May-2014,02-May-2014,,0,,,01-Oct-2016,01-Oct-2016,10-May-2015,10-May-2015,2,2
823B_As-built,823B-NB10-Z02-1020,"Laying 1050mm storm drain from S7 to S6 (length 43.1m) and testing",TT_Task,,"Bay 6 to Bay 10 (5 Bay, Length 45m)",07-Jun-2014,13-Jun-2014,6,03-May-2014,10-May-2014,7,-35,1,16.67,01-Oct-2016,01-Oct-2016,10-May-2015,10-May-2015,1,1
823B_As-built,823B-NB10-Z02-1030,"Construction of storm water manhole S7",TT_Task,,"Bay 6 to Bay 10 (5 Bay, Length 45m)",14-Jun-2014,21-Jun-2014,7,12-May-2014,17-May-2014,5,-33,-2,-28.57,01-Oct-2016,01-Oct-2016,10-May-2015,10-May-2015,1,1
823B_As-built,823B-NB10-Z02-1110,"Backfilling to ground level and removal of strut",TT_Task,,"Bay 6 to Bay 10 (5 Bay, Length 45m)",24-Jul-2014,06-Aug-2014,13,24-Jul-2014,08-Sep-2014,46,0,33,253.85,01-Oct-2016,01-Oct-2016,17-Feb-2017,17-Feb-2017,2,1
823B_As-built,823B-NB10-Z02-1070,"Laying of 225mm Sewerage pipe from F50 to F50A to FPC6 (Length  32.4m) and testing",TT_Task,,"Bay 6 to Bay 10 (5 Bay, Length 45m)",09-Jul-2014,15-Jul-2014,6,09-Jul-2014,02-Sep-2014,55,0,49,816.67,01-Oct-2016,01-Oct-2016,17-Feb-2017,17-Feb-2017,1,1
823B_As-built,823B-NB10-Z02-1080,"Construction of foul sewer manhole F50A and FPC6",TT_Task,,"Bay 6 to Bay 10 (5 Bay, Length 45m)",16-Jul-2014,23-Jul-2014,7,16-Jul-2014,04-Sep-2014,50,0,43,614.29,01-Oct-2016,01-Oct-2016,17-Feb-2017,17-Feb-2017,1,1
823B_As-built,823B-NB10-Z02-1040,"Backfilling to noise barrier formation",TT_Task,,"Bay 6 to Bay 10 (5 Bay, Length 45m)",23-Jun-2014,28-Jun-2014,5,19-May-2014,24-May-2014,5,-35,0,0.00,01-Oct-2016,01-Oct-2016,10-May-2015,10-May-2015,1,1
823B_As-built,823B-NB10-Z02-1090,"Laying 250mm HDPE pipe (length 45m) and 450mm storm drain from S7 to CP7 (Length 8.3m) and testing",TT_Task,,"Bay 6 to Bay 10 (5 Bay, Length 45m)",09-Jul-2014,12-Jul-2014,3,09-Jul-2014,01-Sep-2014,54,0,51,1700.00,01-Oct-2016,01-Oct-2016,17-Feb-2017,17-Feb-2017,1,1
823B_As-built,823B-NB10-Z02-1060,"Backfilling foul sewer formation",TT_Task,,"Bay 6 to Bay 10 (5 Bay, Length 45m)",02-Jul-2014,08-Jul-2014,6,02-Jul-2014,08-Jul-2014,6,0,0,0.00,01-Oct-2016,01-Oct-2016,17-Feb-2017,17-Feb-2017,1,2
823B_As-built,823B-NB10-Z02-1100,"Construction of storm water manhole CP7",TT_Task,,"Bay 6 to Bay 10 (5 Bay, Length 45m)",14-Jul-2014,17-Jul-2014,3,14-Jul-2014,02-Sep-2014,50,0,47,1566.67,01-Oct-2016,01-Oct-2016,17-Feb-2017,17-Feb-2017,1,1
823B_As-built,823B-NB10-Z02-1120,"Construction of remaining SSS work (2 track area) PA3.2",TT_Task,,"Bay 6 to Bay 10 (5 Bay, Length 45m)",07-Aug-2014,08-Sep-2014,32,02-Jul-2014,14-Jul-2014,12,-36,-20,-62.50,01-Oct-2016,01-Oct-2016,17-Feb-2017,17-Feb-2017,1,2
823B_As-built,823B-NB10-Z03-1070,"Construction of Noise Barrier",TT_Task,,"Bay 11 to Bay 15 (5 Bay, Length 45m)",22-Jul-2013,05-Sep-2013,45,11-Feb-2014,31-May-2014,109,204,64,142.22,01-Oct-2016,01-Oct-2016,10-May-2015,10-May-2015,1,2
823B_As-built,823B-NB10-Z03-1010,"Excavation and lateral support",TT_Task,,"Bay 11 to Bay 15 (5 Bay, Length 45m)",24-May-2013,27-Jun-2013,34,14-Nov-2013,02-May-2014,169,174,135,397.06,01-Oct-2016,01-Oct-2016,10-May-2015,10-May-2015,1,2
823B_As-built,823B-NB10-Z03-1040,"Laying 900mm storm drain from S6 to S5 (length 38.9m) and testing",TT_Task,,"Bay 11 to Bay 15 (5 Bay, Length 45m)",30-May-2014,06-Jun-2014,7,13-May-2014,16-May-2014,3,-17,-4,-57.14,01-Oct-2016,01-Oct-2016,10-May-2015,10-May-2015,1,1
823B_As-built,823B-NB10-Z03-1050,"Construction of storm water manhole S6 and S5",TT_Task,,"Bay 11 to Bay 15 (5 Bay, Length 45m)",07-Jun-2014,14-Jun-2014,7,17-May-2014,21-May-2014,4,-21,-3,-42.86,01-Oct-2016,01-Oct-2016,10-May-2015,10-May-2015,1,1
823B_As-built,823B-NB10-Z03-1110,"Backfilling to ground level and removal of strut",TT_Task,,"Bay 11 to Bay 15 (5 Bay, Length 45m)",16-Jul-2014,01-Aug-2014,16,16-Jul-2014,06-Sep-2014,52,0,36,225.00,01-Oct-2016,01-Oct-2016,17-Feb-2017,17-Feb-2017,1,1
823B_As-built,823B-NB10-Z03-1020,"Laying of 225mm Sewerage pipe from F49 to F48 (Length  14.5m) and testing",TT_Task,,"Bay 11 to Bay 15 (5 Bay, Length 45m)",30-May-2014,06-Jun-2014,7,03-May-2014,07-May-2014,4,-27,-3,-42.86,01-Oct-2016,01-Oct-2016,10-May-2015,10-May-2015,1,2
823B_As-built,823B-NB10-Z03-1030,"Construction of storm water manhole F49 and F48",TT_Task,,"Bay 11 to Bay 15 (5 Bay, Length 45m)",07-Jun-2014,14-Jun-2014,7,08-May-2014,12-May-2014,4,-30,-3,-42.86,01-Oct-2016,01-Oct-2016,10-May-2015,10-May-2015,1,1
823B_As-built,823B-NB10-Z03-1060,"Backfilling to noise barrier formation",TT_Task,,"Bay 11 to Bay 15 (5 Bay, Length 45m)",16-Jun-2014,21-Jun-2014,5,22-May-2014,24-May-2014,2,-25,-3,-60.00,01-Oct-2016,01-Oct-2016,10-May-2015,10-May-2015,2,1
823B_As-built,823B-NB10-Z03-1090,"Laying 250mm HDPE pipe (length 45m) and 450mm storm drain from S5 to CP5 (Length 4.8m) and testing",TT_Task,,"Bay 11 to Bay 15 (5 Bay, Length 45m)",09-Jul-2014,10-Jul-2014,1,09-Jul-2014,01-Sep-2014,54,0,53,5300.00,01-Oct-2016,01-Oct-2016,17-Feb-2017,17-Feb-2017,1,1
823B_As-built,823B-NB10-Z03-1080,"Backfilling to storm drainage formation",TT_Task,,"Bay 11 to Bay 15 (5 Bay, Length 45m)",02-Jul-2014,08-Jul-2014,6,02-Jul-2014,08-Jul-2014,6,0,0,0.00,01-Oct-2016,01-Oct-2016,17-Feb-2017,17-Feb-2017,1,1
823B_As-built,823B-NB10-Z03-1120,"Construction of remaining SSS work (2 track area) PA3.2",TT_Task,,"Bay 11 to Bay 15 (5 Bay, Length 45m)",02-Aug-2014,03-Sep-2014,32,02-Jul-2014,14-Jul-2014,12,-31,-20,-62.50,01-Oct-2016,01-Oct-2016,17-Feb-2017,17-Feb-2017,1,2
823B_As-built,823B-NB10-Z03-1100,"Construction of storm water manhole CP5",TT_Task,,"Bay 11 to Bay 15 (5 Bay, Length 45m)",11-Jul-2014,15-Jul-2014,4,11-Jul-2014,02-Sep-2014,53,0,49,1225.00,01-Oct-2016,01-Oct-2016,17-Feb-2017,17-Feb-2017,1,1
823B_As-built,823B-NB10-Z08-1020,"Construction of Noise Barrier",TT_Task,,"Bay 37 to Bay 41 (5 Bay, Length 45m)",22-Apr-2013,08-Jun-2013,47,08-Aug-2013,26-Aug-2013,18,108,-29,-61.70,01-Oct-2016,01-Oct-2016,10-May-2015,10-May-2015,1,3
823B_As-built,823B-NB10-Z08-1010,"Excavation and lateral support",TT_Task,,"Bay 37 to Bay 41 (5 Bay, Length 45m)",02-Apr-2013,20-Apr-2013,18,01-Aug-2013,15-Aug-2013,14,121,-4,-22.22,01-Oct-2016,01-Oct-2016,10-May-2015,10-May-2015,9,2
823B_As-built,823B-NB10-Z08-1050,"Laying 525mm storm drain from S2 to S1 (length 39.7m), 250mm HDPE pipe (length 45m) and testing",TT_Task,,"Bay 37 to Bay 41 (5 Bay, Length 45m)",21-Jun-2013,25-Jun-2013,4,30-Oct-2013,04-Nov-2013,5,131,1,25.00,01-Oct-2016,01-Oct-2016,17-Feb-2017,17-Feb-2017,1,1
823B_As-built,823B-NB10-Z08-1060,"Construction of storm water manhole S2",TT_Task,,"Bay 37 to Bay 41 (5 Bay, Length 45m)",26-Jun-2013,29-Jun-2013,3,01-Nov-2013,06-Nov-2013,5,128,2,66.67,01-Oct-2016,01-Oct-2016,17-Feb-2017,17-Feb-2017,1,1
823B_As-built,823B-NB10-Z08-1070,"Backfilling to ground level and removal of strut",TT_Task,,"Bay 37 to Bay 41 (5 Bay, Length 45m)",02-Jul-2013,12-Jul-2013,10,07-Nov-2013,18-Nov-2013,11,128,1,10.00,01-Oct-2016,01-Oct-2016,17-Feb-2017,17-Feb-2017,1,1
823B_As-built,823B-NB10-Z08-1030,"Laying of 225mm Sewerage pipe from F43 to F42 (Length  38.4m) and testing",TT_Task,,"Bay 37 to Bay 41 (5 Bay, Length 45m)",02-Jul-2014,08-Jul-2014,6,02-Jul-2014,08-Jul-2014,6,0,0,0.00,01-Oct-2016,01-Oct-2016,17-Feb-2017,17-Feb-2017,1,1
823B_As-built,823B-NB10-Z08-1040,"Backfilling to storm drainage formation",TT_Task,,"Bay 37 to Bay 41 (5 Bay, Length 45m)",09-Jul-2014,11-Jul-2014,2,09-Jul-2014,11-Jul-2014,2,0,0,0.00,01-Oct-2016,01-Oct-2016,17-Feb-2017,17-Feb-2017,1,1
823B_As-built,823B-NB10-Z08-1080,"Construction of remaining SSS work (2 track area) PA3.2",TT_Task,,"Bay 37 to Bay 41 (5 Bay, Length 45m)",13-Sep-2013,18-Oct-2013,35,19-Nov-2013,20-Dec-2013,31,67,-4,-11.43,01-Oct-2016,01-Oct-2016,17-Feb-2017,17-Feb-2017,2,3
823B_As-built,823B-NB10-Z09-1020,"Construction of Noise Barrier",TT_Task,,"Bay 42 to Bay 46 (5 Bay, Length 45m)",10-Jun-2013,26-Jul-2013,46,24-Aug-2013,10-Oct-2013,47,75,1,2.17,01-Oct-2016,01-Oct-2016,10-May-2015,10-May-2015,2,2
823B_As-built,823B-NB10-Z09-1010,"Excavation and lateral support",TT_Task,,"Bay 42 to Bay 46 (5 Bay, Length 45m)",22-Apr-2013,10-May-2013,18,22-Aug-2013,26-Aug-2013,4,122,-14,-77.78,01-Oct-2016,01-Oct-2016,10-May-2015,10-May-2015,1,2
823B_As-built,823B-NB10-Z09-1060,"Laying 450mm storm drain from S1 to CP1 (length 5m), 250mm HDPE pipe (length 45m) and testing",TT_Task,,"Bay 42 to Bay 46 (5 Bay, Length 45m)",12-Aug-2013,15-Aug-2013,3,07-Nov-2013,12-Nov-2013,5,87,2,66.67,01-Oct-2016,01-Oct-2016,17-Feb-2017,17-Feb-2017,1,1
823B_As-built,823B-NB10-Z09-1070,"Construction of storm water manhole CP1 and S1",TT_Task,,"Bay 42 to Bay 46 (5 Bay, Length 45m)",16-Aug-2013,20-Aug-2013,4,24-Sep-2013,29-Oct-2013,35,39,31,775.00,01-Oct-2016,01-Oct-2016,17-Feb-2017,17-Feb-2017,1,1
823B_As-built,823B-NB10-Z09-1080,"Backfilling to ground level and removal of strut",TT_Task,,"Bay 42 to Bay 46 (5 Bay, Length 45m)",21-Aug-2013,29-Aug-2013,8,30-Oct-2013,07-Nov-2013,8,70,0,0.00,01-Oct-2016,01-Oct-2016,17-Feb-2017,17-Feb-2017,1,1
823B_As-built,823B-NB10-Z09-1030,"Laying of 225mm Sewerage pipe from F42 to F41 (Length  38.7m) and testing",TT_Task,,"Bay 42 to Bay 46 (5 Bay, Length 45m)",01-Sep-2014,06-Sep-2014,5,01-Sep-2014,06-Sep-2014,5,0,0,0.00,01-Oct-2016,01-Oct-2016,17-Feb-2017,17-Feb-2017,1,1
823B_As-built,823B-NB10-Z09-1040,"Construction of storm water manhole F42",TT_Task,,"Bay 42 to Bay 46 (5 Bay, Length 45m)",03-Aug-2013,07-Aug-2013,4,09-Oct-2013,12-Oct-2013,3,67,-1,-25.00,01-Oct-2016,01-Oct-2016,17-Feb-2017,17-Feb-2017,1,1
823B_As-built,823B-NB10-Z09-1050,"Backfilling to storm drainage formation",TT_Task,,"Bay 42 to Bay 46 (5 Bay, Length 45m)",08-Sep-2014,11-Sep-2014,3,08-Sep-2014,11-Sep-2014,3,0,0,0.00,01-Oct-2016,01-Oct-2016,17-Feb-2017,17-Feb-2017,1,1
823B_As-built,823B-NB10-Z09-1090,"Construction of remaining SSS work (2 track area) PA3.2",TT_Task,,"Bay 42 to Bay 46 (5 Bay, Length 45m)",13-Sep-2013,18-Oct-2013,35,08-Nov-2013,10-Dec-2013,32,56,-3,-8.57,01-Oct-2016,01-Oct-2016,17-Feb-2017,17-Feb-2017,2,3
823B_As-built,823B-NB10-Z10-1020,"Construction of Noise Barrier",TT_Task,,"Bay 47 to Bay 51 (5 Bay, Length 45m)",01-Jun-2013,19-Jul-2013,48,02-Sep-2013,06-Nov-2013,65,93,17,35.42,01-Oct-2016,01-Oct-2016,10-May-2015,10-May-2015,1,2
823B_As-built,823B-NB10-Z10-1010,"Excavation and lateral support",TT_Task,,"Bay 47 to Bay 51 (5 Bay, Length 45m)",11-May-2013,31-May-2013,20,27-Aug-2013,04-Oct-2013,38,108,18,90.00,01-Oct-2016,01-Oct-2016,10-May-2015,10-May-2015,1,2
823B_As-built,823B-NB10-Z10-1060,"Laying 375mm & 225mm storm drain from CP34D to S72 to S73 (length 42.5m), 250mm HDPE pipe (length 63m) and testing",TT_Task,,"Bay 47 to Bay 51 (5 Bay, Length 45m)",10-Aug-2013,16-Aug-2013,6,18-Nov-2013,25-Nov-2013,7,100,1,16.67,01-Oct-2016,01-Oct-2016,17-Feb-2017,17-Feb-2017,1,1
823B_As-built,823B-NB10-Z10-1070,"Construction of storm water manhole CP34D, S72 and S73",TT_Task,,"Bay 47 to Bay 51 (5 Bay, Length 45m)",17-Aug-2013,23-Aug-2013,6,31-Oct-2013,25-Nov-2013,25,75,19,316.67,01-Oct-2016,01-Oct-2016,17-Feb-2017,17-Feb-2017,1,1
823B_As-built,823B-NB10-Z10-1080,"Backfilling to ground level and removal of strut",TT_Task,,"Bay 47 to Bay 51 (5 Bay, Length 45m)",24-Aug-2013,30-Aug-2013,6,26-Nov-2013,02-Dec-2013,6,94,0,0.00,01-Oct-2016,01-Oct-2016,17-Feb-2017,17-Feb-2017,1,1
823B_As-built,823B-NB10-Z10-1030,"Laying of 225mm &150mm Sewerage pipe from F41 to P.I. No.7 (Length  38.7m) and testing",TT_Task,,"Bay 47 to Bay 51 (5 Bay, Length 45m)",02-Jul-2014,08-Jul-2014,6,02-Jul-2014,05-Sep-2014,65,0,59,983.33,01-Oct-2016,01-Oct-2016,17-Feb-2017,17-Feb-2017,1,1
823B_As-built,823B-NB10-Z10-1040,"Construction of storm water manhole F41 and F40",TT_Task,,"Bay 47 to Bay 51 (5 Bay, Length 45m)",27-Jul-2013,31-Jul-2013,4,22-Oct-2013,25-Oct-2013,3,87,-1,-25.00,01-Oct-2016,01-Oct-2016,17-Feb-2017,17-Feb-2017,1,1
823B_As-built,823B-NB10-Z10-1050,"Backfilling to storm drainage formation",TT_Task,,"Bay 47 to Bay 51 (5 Bay, Length 45m)",09-Jul-2014,17-Jul-2014,8,09-Jul-2014,15-Sep-2014,68,0,60,750.00,01-Oct-2016,01-Oct-2016,17-Feb-2017,17-Feb-2017,1,1
823B_As-built,823B-NB10-Z10-1090,"Construction of remaining SSS work (2 track area) PA3.2",TT_Task,,"Bay 47 to Bay 51 (5 Bay, Length 45m)",13-Sep-2013,18-Oct-2013,35,03-Dec-2013,30-Dec-2013,27,81,-8,-22.86,01-Oct-2016,01-Oct-2016,17-Feb-2017,17-Feb-2017,2,3
823B_As-built,823B-NB10-Z12-1020,"Construction of Noise Barrier",TT_Task,,"Bay 57 to Bay 61 (5 Bay, Length 52.25m)",08-Jun-2013,26-Jul-2013,48,09-Oct-2013,19-Nov-2013,41,123,-7,-14.58,01-Oct-2016,01-Oct-2016,10-May-2015,10-May-2015,1,2
823B_As-built,823B-NB10-Z12-1050,"Backfilling to +13.750mPD and removal of strut",TT_Task,,"Bay 57 to Bay 61 (5 Bay, Length 52.25m)",13-Sep-2014,03-Oct-2014,20,02-Sep-2014,20-Sep-2014,18,-11,-2,-10.00,01-Oct-2016,01-Oct-2016,17-Feb-2017,17-Feb-2017,1,1
823B_As-built,823B-NB10-Z12-1010,"Excavation and lateral support",TT_Task,,"Bay 57 to Bay 61 (5 Bay, Length 52.25m)",11-May-2013,07-Jun-2013,27,08-Oct-2013,02-Nov-2013,25,150,-2,-7.41,01-Oct-2016,01-Oct-2016,10-May-2015,10-May-2015,1,1
823B_As-built,823B-NB10-Z12-1030,"Laying of 300mm storm drain from CP38D to S69 (length 39.1m), 250mm HDPE pipe (length 55m) and testing",TT_Task,,"Bay 57 to Bay 61 (5 Bay, Length 52.25m)",01-Sep-2014,06-Sep-2014,5,01-Sep-2014,06-Sep-2014,5,0,0,0.00,01-Oct-2016,01-Oct-2016,17-Feb-2017,17-Feb-2017,1,1
823B_As-built,823B-NB10-Z12-1040,"Construction of storm water manhole CP38D and S70",TT_Task,,"Bay 57 to Bay 61 (5 Bay, Length 52.25m)",03-Aug-2013,10-Aug-2013,7,12-Nov-2013,01-Sep-2014,293,101,286,4085.71,01-Oct-2016,01-Oct-2016,17-Feb-2017,17-Feb-2017,1,1
823B_As-built,823B-NB10-Z12-1060,"Laying of 100mm DI pipe (Length 101.3m)",TT_Task,,"Bay 57 to Bay 61 (5 Bay, Length 52.25m)",04-Oct-2014,09-Oct-2014,5,22-Sep-2014,27-Sep-2014,5,-12,0,0.00,01-Oct-2016,01-Oct-2016,17-Feb-2017,17-Feb-2017,1,1
823B_As-built,823B-NB10-Z12-1070,"Backfilling to ground level",TT_Task,,"Bay 57 to Bay 61 (5 Bay, Length 52.25m)",05-Sep-2013,11-Sep-2013,6,20-Nov-2013,26-Nov-2013,6,76,0,0.00,01-Oct-2016,01-Oct-2016,17-Feb-2017,17-Feb-2017,1,1
823B_As-built,823B-NB10-Z12-1080,"Construction of remaining SSS work (2 track area) PA3.2",TT_Task,,"Bay 57 to Bay 61 (5 Bay, Length 52.25m)",13-Sep-2013,18-Oct-2013,35,27-Nov-2013,30-Dec-2013,33,75,-2,-5.71,01-Oct-2016,01-Oct-2016,17-Feb-2017,17-Feb-2017,2,2
823B_As-built,823B-NB10-Z11-1020,"Construction of Noise Barrier",TT_Task,,"Bay 52 to Bay 56 (5 Bay, Length 45m)",01-Jun-2013,19-Jul-2013,48,07-Oct-2013,09-Nov-2013,33,128,-15,-31.25,01-Oct-2016,01-Oct-2016,10-May-2015,10-May-2015,1,2
823B_As-built,823B-NB10-Z11-1050,"Backfilling to +13.750mPD and removal of strut",TT_Task,,"Bay 52 to Bay 56 (5 Bay, Length 45m)",01-Sep-2014,19-Sep-2014,18,01-Sep-2014,19-Sep-2014,18,0,0,0.00,01-Oct-2016,01-Oct-2016,17-Feb-2017,17-Feb-2017,1,1
823B_As-built,823B-NB10-Z11-1010,"Excavation and lateral support",TT_Task,,"Bay 52 to Bay 56 (5 Bay, Length 45m)",11-May-2013,31-May-2013,20,04-Oct-2013,07-Oct-2013,3,146,-17,-85.00,01-Oct-2016,01-Oct-2016,10-May-2015,10-May-2015,1,2
823B_As-built,823B-NB10-Z11-1030,"Laying 225mm storm drain from S72 to S71 (length 35.7m), 250mm HDPE pipe (length 45m) and testing",TT_Task,,"Bay 52 to Bay 56 (5 Bay, Length 45m)",20-Jul-2013,26-Jul-2013,6,14-Nov-2013,20-Nov-2013,6,117,0,0.00,01-Oct-2016,01-Oct-2016,17-Feb-2017,17-Feb-2017,1,1
823B_As-built,823B-NB10-Z11-1040,"Construction of storm water manhole S71",TT_Task,,"Bay 52 to Bay 56 (5 Bay, Length 45m)",27-Jul-2013,31-Jul-2013,4,19-Nov-2013,22-Nov-2013,3,115,-1,-25.00,01-Oct-2016,01-Oct-2016,17-Feb-2017,17-Feb-2017,1,1
823B_As-built,823B-NB10-Z11-1060,"Laying of 100mm DI pipe (Length 32.6m), 150 Sewerage pipe (Length  2.9m) and testing",TT_Task,,"Bay 52 to Bay 56 (5 Bay, Length 45m)",20-Sep-2014,25-Sep-2014,5,20-Sep-2014,25-Sep-2014,5,0,0,0.00,01-Oct-2016,01-Oct-2016,17-Feb-2017,17-Feb-2017,1,1
823B_As-built,823B-NB10-Z11-1080,"Backfilling to ground level",TT_Task,,"Bay 52 to Bay 56 (5 Bay, Length 45m)",03-Sep-2013,09-Sep-2013,6,26-Nov-2013,02-Dec-2013,6,84,0,0.00,01-Oct-2016,01-Oct-2016,17-Feb-2017,17-Feb-2017,1,1
823B_As-built,823B-NB10-Z11-1070,"Construction of foul sewer manhole P.I. No.7 and FPC-5",TT_Task,,"Bay 52 to Bay 56 (5 Bay, Length 45m)",26-Sep-2014,06-Oct-2014,10,26-Sep-2014,30-Sep-2014,4,0,-6,-60.00,01-Oct-2016,01-Oct-2016,17-Feb-2017,17-Feb-2017,1,1
823B_As-built,823B-NB10-Z11-1090,"Construction of remaining SSS work (2 track area) PA3.2",TT_Task,,"Bay 52 to Bay 56 (5 Bay, Length 45m)",13-Sep-2013,18-Oct-2013,35,03-Dec-2013,30-Dec-2013,27,81,-8,-22.86,01-Oct-2016,01-Oct-2016,17-Feb-2017,17-Feb-2017,2,3
823B_As-built,823B-NB10-Z07-1020,"Construction of Noise Barrier",TT_Task,,"Bay 32 to Bay 36 (5 Bay, Length 45m)",08-Jun-2013,26-Jul-2013,48,07-Aug-2013,14-Sep-2013,38,60,-10,-20.83,01-Oct-2016,01-Oct-2016,30-Jun-2014,30-Jun-2014,2,2
823B_As-built,823B-NB10-Z07-1010,"Excavation and lateral support",TT_Task,,"Bay 32 to Bay 36 (5 Bay, Length 45m)",27-Apr-2013,18-May-2013,21,03-Aug-2013,15-Aug-2013,12,98,-9,-42.86,01-Oct-2016,01-Oct-2016,30-Jun-2014,30-Jun-2014,1,1
823B_As-built,823B-NB10-Z07-1060,"Laying 525mm & 450mm storm drain from S3 to S2, S3 to CP3 (length 44.3m), 250mm HDPE pipe (length 45m) and testing",TT_Task,,"Bay 32 to Bay 36 (5 Bay, Length 45m)",19-Aug-2013,24-Aug-2013,5,04-Nov-2013,14-Nov-2013,10,77,5,100.00,01-Oct-2016,01-Oct-2016,30-Jun-2014,30-Jun-2014,1,1
823B_As-built,823B-NB10-Z07-1070,"Construction of storm water manhole S2 and CP3",TT_Task,,"Bay 32 to Bay 36 (5 Bay, Length 45m)",26-Aug-2013,29-Aug-2013,3,09-Sep-2013,06-Nov-2013,58,14,55,1833.33,01-Oct-2016,01-Oct-2016,30-Jun-2014,30-Jun-2014,1,1
823B_As-built,823B-NB10-Z07-1080,"Backfilling to ground level and removal of strut",TT_Task,,"Bay 32 to Bay 36 (5 Bay, Length 45m)",30-Aug-2013,12-Sep-2013,13,07-Nov-2013,19-Nov-2013,12,69,-1,-7.69,01-Oct-2016,01-Oct-2016,30-Jun-2014,30-Jun-2014,1,4
823B_As-built,823B-NB10-Z07-1030,"Laying of 225mm Sewerage pipe from F44 to F43 (Length  38.4m) and testing",TT_Task,,"Bay 32 to Bay 36 (5 Bay, Length 45m)",22-Jul-2014,28-Jul-2014,6,22-Jul-2014,28-Jul-2014,6,0,0,0.00,01-Oct-2016,01-Oct-2016,30-Jun-2014,30-Jun-2014,1,1
823B_As-built,823B-NB10-Z07-1040,"Construction of storm water manhole F44 and F43",TT_Task,,"Bay 32 to Bay 36 (5 Bay, Length 45m)",03-Aug-2013,10-Aug-2013,7,05-Oct-2013,12-Oct-2013,7,63,0,0.00,01-Oct-2016,01-Oct-2016,30-Jun-2014,30-Jun-2014,1,1
823B_As-built,823B-NB10-Z07-1050,"Backfilling to storm drainage formation",TT_Task,,"Bay 32 to Bay 36 (5 Bay, Length 45m)",29-Jul-2014,04-Aug-2014,6,24-Jul-2014,30-Jul-2014,6,-5,0,0.00,01-Oct-2016,01-Oct-2016,30-Jun-2014,30-Jun-2014,1,1
823B_As-built,823B-NB10-Z07-1090,"Construction of remaining SSS work (2 track area) PA3.2",TT_Task,,"Bay 32 to Bay 36 (5 Bay, Length 45m)",13-Sep-2013,18-Oct-2013,35,20-Nov-2013,21-Dec-2013,31,68,-4,-11.43,01-Oct-2016,01-Oct-2016,17-Feb-2017,17-Feb-2017,1,2
823B_As-built,823B-NB10-Z06-1020,"Construction of Noise Barrier (2 set formwork)",TT_Task,,"Bay 25 to Bay 31 (7 Bay, Length 63m)",27-Apr-2013,07-Jun-2013,41,07-Aug-2013,21-Jul-2014,348,102,307,748.78,01-Oct-2016,01-Oct-2016,30-Jun-2014,30-Jun-2014,1,3
823B_As-built,823B-NB10-Z06-1010,"Excavation and lateral support",TT_Task,,"Bay 25 to Bay 31 (7 Bay, Length 63m)",02-Apr-2013,26-Apr-2013,24,03-Aug-2013,18-Sep-2013,46,123,22,91.67,01-Oct-2016,01-Oct-2016,30-Jun-2014,30-Jun-2014,9,2
823B_As-built,823B-NB10-Z06-1060,"Laying 675mm & 450mm storm drain from S4 to S3, S4 to CP4 (length 83.7m), 250mm HDPE pipe (length 63m) and testing",TT_Task,,"Bay 25 to Bay 31 (7 Bay, Length 63m)",09-Aug-2014,15-Aug-2014,6,22-Jul-2014,28-Jul-2014,6,-18,0,0.00,01-Oct-2016,01-Oct-2016,17-Feb-2017,17-Feb-2017,1,1
823B_As-built,823B-NB10-Z06-1070,"Construction of storm water manhole S4 and CP4",TT_Task,,"Bay 25 to Bay 31 (7 Bay, Length 63m)",16-Aug-2014,23-Aug-2014,7,29-Jul-2014,31-Jul-2014,2,-18,-5,-71.43,01-Oct-2016,01-Oct-2016,17-Feb-2017,17-Feb-2017,1,1
823B_As-built,823B-NB10-Z06-1080,"Backfilling to ground level and removal of strut",TT_Task,,"Bay 25 to Bay 31 (7 Bay, Length 63m)",15-Jul-2013,29-Jul-2013,14,13-Sep-2013,02-Jul-2014,292,60,278,1985.71,01-Oct-2016,01-Oct-2016,17-Feb-2017,17-Feb-2017,1,1
823B_As-built,823B-NB10-Z06-1030,"Laying of 225mm Sewerage pipe from F46 to F44 (Length  76.9m) and testing",TT_Task,,"Bay 25 to Bay 31 (7 Bay, Length 63m)",22-Jul-2014,28-Jul-2014,6,02-Jul-2014,08-Jul-2014,6,-20,0,0.00,01-Oct-2016,01-Oct-2016,17-Feb-2017,17-Feb-2017,1,1
823B_As-built,823B-NB10-Z06-1040,"Construction of storm water manhole F46 and F45",TT_Task,,"Bay 25 to Bay 31 (7 Bay, Length 63m)",29-Jul-2014,01-Aug-2014,3,09-Jul-2014,14-Jul-2014,5,-20,2,66.67,01-Oct-2016,01-Oct-2016,17-Feb-2017,17-Feb-2017,1,1
823B_As-built,823B-NB10-Z06-1050,"Backfilling to storm drainage formation",TT_Task,,"Bay 25 to Bay 31 (7 Bay, Length 63m)",02-Aug-2014,08-Aug-2014,6,15-Jul-2014,21-Jul-2014,6,-18,0,0.00,01-Oct-2016,01-Oct-2016,17-Feb-2017,17-Feb-2017,1,1
823B_As-built,823B-NB10-Z06-1090,"Construction of remaining SSS work (2 track area) PA3.2",TT_Task,,"Bay 25 to Bay 31 (7 Bay, Length 63m)",13-Sep-2013,21-Oct-2013,38,16-Sep-2013,02-Jul-2014,289,3,251,660.53,01-Oct-2016,01-Oct-2016,17-Feb-2017,17-Feb-2017,2,2
823B_As-built,823B-E-RMS-B-2000,"Pipe laying (stormwater system)",TT_Task,,"Builder's Work in Connection with Services",02-Mar-2013,02-May-2013,61,05-Mar-2013,04-May-2013,60,3,-1,-1.64,01-Oct-2016,01-Oct-2016,17-Feb-2017,17-Feb-2017,9,1
823B_As-built,823B-E-RMS-B-3000,"Pipe laying (foulwater system)",TT_Task,,"Builder's Work in Connection with Services",25-Mar-2013,25-May-2013,61,27-Mar-2013,28-May-2013,62,2,1,1.64,01-Oct-2016,01-Oct-2016,17-Feb-2017,17-Feb-2017,1,2
823B_As-built,823B-E-RMS-B-4000,"Earthing (main earthing & lighting protection system)",TT_Task,,"Builder's Work in Connection with Services",25-Mar-2013,25-May-2013,61,27-Mar-2013,28-May-2013,62,2,1,1.64,01-Oct-2016,01-Oct-2016,17-Feb-2017,17-Feb-2017,1,1
823B_As-built,823B-E-RMS-B-1000,"Lifting eye (5 nos)",TT_Task,,"Builder's Work in Connection with Services",08-May-2013,22-May-2013,14,18-Mar-2013,02-Apr-2013,15,-51,1,7.14,01-Oct-2016,01-Oct-2016,17-Feb-2017,17-Feb-2017,18,1
823B_As-built,823B-RMSA-1080,"Chain railing (Central Platform)",TT_Rsrc,,"Lower Platform",23-Mar-2013,24-Sep-2013,185,02-Sep-2013,02-Dec-2013,91,163,-94,-50.81,01-Oct-2016,01-Oct-2016,17-Feb-2017,17-Feb-2017,1,1
823B_As-built,823B-RMSA-1090,"Chain railing (GL A & C platform)",TT_Rsrc,,"Lower Platform",28-Mar-2013,28-Sep-2013,184,02-Sep-2013,02-Dec-2013,91,158,-93,-50.54,01-Oct-2016,01-Oct-2016,17-Feb-2017,17-Feb-2017,1,1
823B_As-built,823B-RMSA-1100,"Floor sealer",TT_Rsrc,,"Lower Platform",03-Jul-2013,23-Aug-2013,51,01-Nov-2013,30-Nov-2013,29,121,-22,-43.14,01-Oct-2016,01-Oct-2016,17-Feb-2017,17-Feb-2017,1,1
823B_As-built,823B-RMSA-1290,"ABWF final fix",TT_Rsrc,,"Final Fix",11-Oct-2014,20-Apr-2015,191,11-Oct-2014,15-Nov-2014,35,0,-156,-81.68,01-Oct-2016,01-Oct-2016,30-Jun-2014,30-Jun-2014,3,3
823B_As-built,823B-RMSA-1200,"Louvre frame",TT_Rsrc,,"Facades",19-Feb-2013,19-Sep-2013,212,01-Jun-2013,21-Sep-2013,112,102,-100,-47.17,01-Oct-2016,01-Oct-2016,17-Feb-2017,17-Feb-2017,1,2
823B_As-built,823B-RMSA-1210,"Louvre Blade",TT_Rsrc,,"Facades",21-Sep-2013,17-Feb-2014,149,02-Sep-2013,29-Sep-2013,27,-19,-122,-81.88,01-Oct-2016,01-Oct-2016,17-Feb-2017,17-Feb-2017,1,1
823B_As-built,823B-RMSA-1220,"Window frame",TT_Rsrc,,"Facades",19-Feb-2013,19-Sep-2013,212,01-Jun-2013,02-Dec-2013,184,102,-28,-13.21,01-Oct-2016,01-Oct-2016,17-Feb-2017,17-Feb-2017,1,2
823B_As-built,823B-RMSA-1230,"Window glass",TT_Rsrc,,"Facades",21-Sep-2013,17-Feb-2014,149,21-Sep-2013,17-Feb-2014,149,0,0,0.00,01-Oct-2016,01-Oct-2016,17-Feb-2017,17-Feb-2017,1,1
823B_As-built,823B-RMSA-1240,"Masonary Paint (Internal only)",TT_Rsrc,,"Facades",27-May-2013,18-Oct-2013,144,02-Oct-2013,26-Feb-2014,147,128,3,2.08,01-Oct-2016,01-Oct-2016,30-Jun-2014,30-Jun-2014,3,2
823B_As-built,823B-RMSA-1250,"Sliding Door frame",TT_Rsrc,,"Facades",25-May-2013,18-Jul-2013,54,02-Dec-2013,31-Dec-2013,29,191,-25,-46.30,01-Oct-2016,01-Oct-2016,17-Feb-2017,17-Feb-2017,1,1
823B_As-built,823B-RMSA-1260,"Mineral silicate paint (External only)",TT_Rsrc,,"Facades",19-Feb-2013,21-Jun-2013,122,01-Jun-2013,24-Sep-2014,480,102,358,293.44,01-Oct-2016,01-Oct-2016,30-Jun-2014,30-Jun-2014,1,3
823B_As-built,823B-RMSA-1270,"Architectural fins",TT_Rsrc,,"Facades",01-Sep-2014,16-Mar-2015,196,01-Sep-2014,30-Sep-2014,29,0,-167,-85.20,01-Oct-2016,01-Oct-2016,30-Jun-2014,30-Jun-2014,1,2
823B_As-built,823B-RMSA-1280,"Green wall system",TT_Rsrc,,"Facades",25-Sep-2014,29-Dec-2014,95,01-Sep-2014,30-Sep-2014,29,-24,-66,-69.47,01-Oct-2016,01-Oct-2016,30-Jun-2014,30-Jun-2014,1,4
823B_As-built,823B-RMSA-1010,"Block work",TT_Rsrc,,"Maintenance Pit Area",21-Jan-2013,25-May-2013,124,01-Jun-2013,02-Dec-2013,184,131,60,48.39,01-Oct-2016,01-Oct-2016,17-Feb-2017,17-Feb-2017,2,2
823B_As-built,823B-RMSA-1020,"Access Panel",TT_Rsrc,,"Maintenance Pit Area",28-Feb-2013,01-Aug-2013,154,09-Jul-2013,02-Dec-2013,146,131,-8,-5.19,01-Oct-2016,01-Oct-2016,17-Feb-2017,17-Feb-2017,1,1
823B_As-built,823B-RMSA-1030,"Rail steel post (Central Platform)",TT_Rsrc,,"Maintenance Pit Area",01-Dec-2012,14-May-2013,164,01-Jun-2013,29-Jun-2013,28,182,-136,-82.93,01-Oct-2016,01-Oct-2016,17-Feb-2017,17-Feb-2017,1,4
823B_As-built,823B-RMSA-1040,"Rail Steel post (GL A & C)",TT_Rsrc,,"Maintenance Pit Area",12-Jan-2013,11-Jun-2013,150,01-Jun-2013,29-Jun-2013,28,140,-122,-81.33,01-Oct-2016,01-Oct-2016,17-Feb-2017,17-Feb-2017,1,3
823B_As-built,823B-RMSA-1050,"Screeding to Maintenance Pit (Beside Central Platform)",TT_Rsrc,,"Maintenance Pit Area",09-Jan-2013,25-May-2013,136,01-Jun-2013,29-Jun-2013,28,143,-108,-79.41,01-Oct-2016,01-Oct-2016,17-Feb-2017,17-Feb-2017,1,1
823B_As-built,823B-RMSA-1060,"Screeding to Maintenance Pit (GL A & C)",TT_Rsrc,,"Maintenance Pit Area",19-Feb-2013,25-May-2013,95,01-Jun-2013,29-Jun-2013,28,102,-67,-70.53,01-Oct-2016,01-Oct-2016,17-Feb-2017,17-Feb-2017,1,2
823B_As-built,823B-RMSA-1070,"Floor sealer",TT_Rsrc,,"Maintenance Pit Area",17-Apr-2013,29-Jul-2013,103,01-Nov-2013,30-Dec-2013,59,198,-44,-42.72,01-Oct-2016,01-Oct-2016,17-Feb-2017,17-Feb-2017,2,1
823B_As-built,823B-RMSA-1140,"Waterproofing system",TT_Rsrc,,"Roof",02-Jan-2013,25-May-2013,143,01-Jun-2013,02-Dec-2013,184,150,41,28.67,01-Oct-2016,01-Oct-2016,17-Feb-2017,17-Feb-2017,1,2
823B_As-built,823B-RMSA-1150,"Structure steel for louvre wall",TT_Rsrc,,"Roof",25-May-2013,21-Sep-2013,119,01-Jun-2013,21-Sep-2013,112,7,-7,-5.88,01-Oct-2016,01-Oct-2016,17-Feb-2017,17-Feb-2017,1,2
823B_As-built,823B-RMSA-1160,"Louvre wall",TT_Rsrc,,"Roof",30-Oct-2013,18-Feb-2014,111,01-Aug-2013,28-Sep-2013,58,-90,-53,-47.75,01-Oct-2016,01-Oct-2016,17-Feb-2017,17-Feb-2017,2,3
823B_As-built,823B-RMSA-1170,"Smoke ventilator system",TT_Rsrc,,"Roof",30-Oct-2013,22-Feb-2014,115,01-Jun-2013,12-Jun-2014,376,-151,261,226.96,01-Oct-2016,01-Oct-2016,17-Feb-2017,17-Feb-2017,1,4
823B_As-built,823B-RMSA-1180,"SS railing",TT_Rsrc,,"Roof",30-Oct-2013,22-Feb-2014,115,28-Sep-2013,22-Nov-2013,55,-32,-60,-52.17,01-Oct-2016,01-Oct-2016,17-Feb-2017,17-Feb-2017,1,3
823B_As-built,823B-RMSA-1190,"Green roof system",TT_Rsrc,,"Roof",02-Mar-2015,04-Jul-2015,124,02-Mar-2015,11-Nov-2015,254,0,130,104.84,01-Oct-2016,01-Oct-2016,30-Jun-2014,30-Jun-2014,1,3
823B_As-built,823B-RMSA-1110,"Inner Steel platform (Central Platform)",TT_Rsrc,,"Upper Platform",16-Jan-2013,21-May-2013,125,01-Jun-2013,28-Sep-2013,119,136,-6,-4.80,01-Oct-2016,01-Oct-2016,30-Jun-2014,30-Jun-2014,1,3
823B_As-built,823B-RMSA-1120,"Other Steel Platform (GL A & C Platform)",TT_Rsrc,,"Upper Platform",21-Jan-2013,25-May-2013,124,01-Jun-2013,28-Sep-2013,119,131,-5,-4.03,01-Oct-2016,01-Oct-2016,30-Jun-2014,30-Jun-2014,1,4
823B_As-built,823B-RMSA-1130,"Smoke curtain",TT_Rsrc,,"Upper Platform",27-May-2013,02-Jul-2013,36,01-Feb-2014,28-Feb-2014,27,250,-9,-25.00,01-Oct-2016,01-Oct-2016,17-Feb-2017,17-Feb-2017,3,2
823B_As-built,823B-E-RMS3-1010,"Bay 29-30 (348m�)",TT_Task,,"Footing Excavation",12-Jun-2012,18-Jun-2012,6,12-Jun-2012,18-Jun-2012,6,0,0,0.00,01-Oct-2016,01-Oct-2016,30-Jun-2014,30-Jun-2014,2,3
823B_As-built,823B-E-RMS3-1020,"Bay 31-32 (348m�)",TT_Task,,"Footing Excavation",19-Jun-2012,25-Jun-2012,6,19-Jun-2012,25-Jun-2012,6,0,0,0.00,01-Oct-2016,01-Oct-2016,30-Jun-2014,30-Jun-2014,1,3
823B_As-built,823B-E-RMS3-1030,"Bay 33-34 (348m�)",TT_Task,,"Footing Excavation",26-Jun-2012,30-Jun-2012,4,26-Jun-2012,30-Jun-2012,4,0,0,0.00,01-Oct-2016,01-Oct-2016,30-Jun-2014,30-Jun-2014,1,3
823B_As-built,823B-E-RMS3-1040,"Bay 35-36 (348m�)",TT_Task,,"Footing Excavation",03-Jul-2012,07-Jul-2012,4,03-Jul-2012,07-Jul-2012,4,0,0,0.00,01-Oct-2016,01-Oct-2016,30-Jun-2014,30-Jun-2014,1,3
823B_As-built,823B-E-RMS3-1050,"Bay 37-38 (348m�)",TT_Task,,"Footing Excavation",09-Jul-2012,13-Jul-2012,4,09-Jul-2012,13-Jul-2012,4,0,0,0.00,01-Oct-2016,01-Oct-2016,30-Jun-2014,30-Jun-2014,1,3
823B_As-built,823B-E-RMS3-1060,"Bay 39-40 (348m�)",TT_Task,,"Footing Excavation",14-Jul-2012,19-Jul-2012,5,14-Jul-2012,19-Jul-2012,5,0,0,0.00,01-Oct-2016,01-Oct-2016,30-Jun-2014,30-Jun-2014,1,2
823B_As-built,823B-E-RMS3-1070,"Bay 41-42 (348m�)",TT_Task,,"Footing Excavation",20-Jul-2012,25-Jul-2012,5,20-Jul-2012,25-Jul-2012,5,0,0,0.00,01-Oct-2016,01-Oct-2016,30-Jun-2014,30-Jun-2014,1,2
823B_As-built,823B-E-RMS3-1080,"Bay 43-44 (348m�)",TT_Task,,"Footing Excavation",26-Jul-2012,31-Jul-2012,5,26-Jul-2012,31-Jul-2012,5,0,0,0.00,01-Oct-2016,01-Oct-2016,30-Jun-2014,30-Jun-2014,1,2
823B_As-built,823B-E-RMS3-1090,"Bay 45-46 (348m�)",TT_Task,,"Footing Excavation",01-Aug-2012,06-Aug-2012,5,01-Aug-2012,06-Aug-2012,5,0,0,0.00,01-Oct-2016,01-Oct-2016,30-Jun-2014,30-Jun-2014,1,2
823B_As-built,823B-E-RMS3-1100,"Bay 47-48 (348m�)",TT_Task,,"Footing Excavation",07-Aug-2012,13-Aug-2012,6,07-Aug-2012,13-Aug-2012,6,0,0,0.00,01-Oct-2016,01-Oct-2016,30-Jun-2014,30-Jun-2014,1,2
823B_As-built,823B-E-RMS3-1110,"Bay 49-50 (348m�)",TT_Task,,"Footing Excavation",14-Aug-2012,20-Aug-2012,6,14-Aug-2012,20-Aug-2012,6,0,0,0.00,01-Oct-2016,01-Oct-2016,30-Jun-2014,30-Jun-2014,1,1
823B_As-built,823B-E-RMS3-1120,"Bay 29-30 (155m�)",TT_Task,,"Footing Construction",19-Jun-2012,30-Jun-2012,11,19-Jun-2012,30-Jun-2012,11,0,0,0.00,01-Oct-2016,01-Oct-2016,30-Jun-2014,30-Jun-2014,1,2
823B_As-built,823B-E-RMS3-1130,"Bay 31-32 (155m�)",TT_Task,,"Footing Construction",26-Jun-2012,07-Jul-2012,11,26-Jun-2012,07-Jul-2012,11,0,0,0.00,01-Oct-2016,01-Oct-2016,30-Jun-2014,30-Jun-2014,1,2
823B_As-built,823B-E-RMS3-1140,"Bay 33-34 (155m�)",TT_Task,,"Footing Construction",03-Jul-2012,13-Jul-2012,10,03-Jul-2012,13-Jul-2012,10,0,0,0.00,01-Oct-2016,01-Oct-2016,30-Jun-2014,30-Jun-2014,1,2
823B_As-built,823B-E-RMS3-1150,"Bay 35-36 (155m�)",TT_Task,,"Footing Construction",07-Jul-2012,18-Jul-2012,11,07-Jul-2012,18-Jul-2012,11,0,0,0.00,01-Oct-2016,01-Oct-2016,30-Jun-2014,30-Jun-2014,1,2
823B_As-built,823B-E-RMS3-1160,"Bay 37-38 (155m�)",TT_Task,,"Footing Construction",13-Jul-2012,24-Jul-2012,11,13-Jul-2012,24-Jul-2012,11,0,0,0.00,01-Oct-2016,01-Oct-2016,30-Jun-2014,30-Jun-2014,1,2
823B_As-built,823B-E-RMS3-1170,"Bay 39-40 (155m�)",TT_Task,,"Footing Construction",19-Jul-2012,30-Jul-2012,11,19-Jul-2012,30-Jul-2012,11,0,0,0.00,01-Oct-2016,01-Oct-2016,30-Jun-2014,30-Jun-2014,1,2
823B_As-built,823B-E-RMS3-1180,"Bay 41-42 (155m�)",TT_Task,,"Footing Construction",25-Jul-2012,04-Aug-2012,10,25-Jul-2012,04-Aug-2012,10,0,0,0.00,01-Oct-2016,01-Oct-2016,30-Jun-2014,30-Jun-2014,1,1
823B_As-built,823B-E-RMS3-1190,"Bay 43-44 (155m�)",TT_Task,,"Footing Construction",31-Jul-2012,10-Aug-2012,10,31-Jul-2012,10-Aug-2012,10,0,0,0.00,01-Oct-2016,01-Oct-2016,30-Jun-2014,30-Jun-2014,1,1
823B_As-built,823B-E-RMS3-1200,"Bay 45-46 (155m�)",TT_Task,,"Footing Construction",06-Aug-2012,16-Aug-2012,10,06-Aug-2012,16-Aug-2012,10,0,0,0.00,01-Oct-2016,01-Oct-2016,30-Jun-2014,30-Jun-2014,1,1
823B_As-built,823B-E-RMS3-1210,"Bay 47-48 (155m�)",TT_Task,,"Footing Construction",13-Aug-2012,23-Aug-2012,10,13-Aug-2012,23-Aug-2012,10,0,0,0.00,01-Oct-2016,01-Oct-2016,30-Jun-2014,30-Jun-2014,1,1
823B_As-built,823B-E-RMS3-1220,"Bay 49-50 (172m�)",TT_Task,,"Footing Construction",20-Aug-2012,31-Aug-2012,11,20-Aug-2012,31-Aug-2012,11,0,0,0.00,01-Oct-2016,01-Oct-2016,30-Jun-2014,30-Jun-2014,1,1
823B_As-built,823B-E-RMS3-1450,"Bay 29-30 (55m�)",TT_Task,,"Column from +13.85 to Roof Soffit",23-Jul-2012,28-Jul-2012,5,23-Jul-2012,28-Jul-2012,5,0,0,0.00,01-Oct-2016,01-Oct-2016,17-Feb-2017,17-Feb-2017,2,2
823B_As-built,823B-E-RMS3-1460,"Bay 31-32 (55m�)",TT_Task,,"Column from +13.85 to Roof Soffit",06-Aug-2012,11-Aug-2012,5,06-Aug-2012,11-Aug-2012,5,0,0,0.00,01-Oct-2016,01-Oct-2016,17-Feb-2017,17-Feb-2017,2,2
823B_As-built,823B-E-RMS3-1470,"Bay 33-34 (55m�)",TT_Task,,"Column from +13.85 to Roof Soffit",20-Aug-2012,25-Aug-2012,5,20-Aug-2012,25-Aug-2012,5,0,0,0.00,01-Oct-2016,01-Oct-2016,17-Feb-2017,17-Feb-2017,2,3
823B_As-built,823B-E-RMS3-1480,"Bay 35-36 (55m�)",TT_Task,,"Column from +13.85 to Roof Soffit",03-Sep-2012,08-Sep-2012,5,03-Sep-2012,08-Sep-2012,5,0,0,0.00,01-Oct-2016,01-Oct-2016,17-Feb-2017,17-Feb-2017,2,2
823B_As-built,823B-E-RMS3-1490,"Bay 37-38 (55m�)",TT_Task,,"Column from +13.85 to Roof Soffit",17-Sep-2012,22-Sep-2012,5,17-Sep-2012,22-Sep-2012,5,0,0,0.00,01-Oct-2016,01-Oct-2016,17-Feb-2017,17-Feb-2017,2,2
823B_As-built,823B-E-RMS3-1500,"Bay 39-40 (55m�)",TT_Task,,"Column from +13.85 to Roof Soffit",03-Oct-2012,09-Oct-2012,6,03-Oct-2012,09-Oct-2012,6,0,0,0.00,01-Oct-2016,01-Oct-2016,17-Feb-2017,17-Feb-2017,2,3
823B_As-built,823B-E-RMS3-1510,"Bay 41-42 (55m�)",TT_Task,,"Column from +13.85 to Roof Soffit",16-Oct-2012,22-Oct-2012,6,16-Oct-2012,22-Oct-2012,6,0,0,0.00,01-Oct-2016,01-Oct-2016,17-Feb-2017,17-Feb-2017,2,2
823B_As-built,823B-E-RMS3-1520,"Bay 43-44 (55m�)",TT_Task,,"Column from +13.85 to Roof Soffit",31-Oct-2012,06-Nov-2012,6,31-Oct-2012,06-Nov-2012,6,0,0,0.00,01-Oct-2016,01-Oct-2016,17-Feb-2017,17-Feb-2017,2,2
823B_As-built,823B-E-RMS3-1530,"Bay 45-46 (55m�)",TT_Task,,"Column from +13.85 to Roof Soffit",14-Nov-2012,20-Nov-2012,6,14-Nov-2012,20-Nov-2012,6,0,0,0.00,01-Oct-2016,01-Oct-2016,17-Feb-2017,17-Feb-2017,2,3
823B_As-built,823B-E-RMS3-1540,"Bay 47-48 (55m�)",TT_Task,,"Column from +13.85 to Roof Soffit",28-Nov-2012,04-Dec-2012,6,28-Nov-2012,04-Dec-2012,6,0,0,0.00,01-Oct-2016,01-Oct-2016,17-Feb-2017,17-Feb-2017,2,2
823B_As-built,823B-E-RMS3-1550,"Bay 49-50 (78m�)",TT_Task,,"Column from +13.85 to Roof Soffit",13-Dec-2012,19-Dec-2012,6,13-Dec-2012,19-Dec-2012,6,0,0,0.00,01-Oct-2016,01-Oct-2016,17-Feb-2017,17-Feb-2017,2,1
823B_As-built,823B-E-RMS3-1230,"Bay 29-30 (11m�)",TT_Task,,"Column from +12.05 to +13.85",03-Jul-2012,09-Jul-2012,6,03-Jul-2012,09-Jul-2012,6,0,0,0.00,01-Oct-2016,01-Oct-2016,30-Jun-2014,30-Jun-2014,1,2
823B_As-built,823B-E-RMS3-1240,"Bay 31-32 (11m�)",TT_Task,,"Column from +12.05 to +13.85",07-Jul-2012,13-Jul-2012,6,07-Jul-2012,13-Jul-2012,6,0,0,0.00,01-Oct-2016,01-Oct-2016,30-Jun-2014,30-Jun-2014,1,1
823B_As-built,823B-E-RMS3-1250,"Bay 33-34 (11m�)",TT_Task,,"Column from +12.05 to +13.85",13-Jul-2012,19-Jul-2012,6,13-Jul-2012,19-Jul-2012,6,0,0,0.00,01-Oct-2016,01-Oct-2016,30-Jun-2014,30-Jun-2014,1,1
823B_As-built,823B-E-RMS3-1260,"Bay 35-36 (11m�)",TT_Task,,"Column from +12.05 to +13.85",19-Jul-2012,25-Jul-2012,6,19-Jul-2012,25-Jul-2012,6,0,0,0.00,01-Oct-2016,01-Oct-2016,30-Jun-2014,30-Jun-2014,1,1
823B_As-built,823B-E-RMS3-1270,"Bay 37-38 (11m�)",TT_Task,,"Column from +12.05 to +13.85",25-Jul-2012,31-Jul-2012,6,25-Jul-2012,31-Jul-2012,6,0,0,0.00,01-Oct-2016,01-Oct-2016,30-Jun-2014,30-Jun-2014,1,1
823B_As-built,823B-E-RMS3-1280,"Bay 39-40 (11m�)",TT_Task,,"Column from +12.05 to +13.85",31-Jul-2012,06-Aug-2012,6,31-Jul-2012,06-Aug-2012,6,0,0,0.00,01-Oct-2016,01-Oct-2016,30-Jun-2014,30-Jun-2014,1,1
823B_As-built,823B-E-RMS3-1290,"Bay 41-42 (11m�)",TT_Task,,"Column from +12.05 to +13.85",06-Aug-2012,11-Aug-2012,5,06-Aug-2012,11-Aug-2012,5,0,0,0.00,01-Oct-2016,01-Oct-2016,30-Jun-2014,30-Jun-2014,1,1
823B_As-built,823B-E-RMS3-1300,"Bay 43-44 (11m�)",TT_Task,,"Column from +12.05 to +13.85",11-Aug-2012,17-Aug-2012,6,11-Aug-2012,17-Aug-2012,6,0,0,0.00,01-Oct-2016,01-Oct-2016,30-Jun-2014,30-Jun-2014,1,1
823B_As-built,823B-E-RMS3-1310,"Bay 45-46 (11m�)",TT_Task,,"Column from +12.05 to +13.85",17-Aug-2012,23-Aug-2012,6,17-Aug-2012,23-Aug-2012,6,0,0,0.00,01-Oct-2016,01-Oct-2016,30-Jun-2014,30-Jun-2014,1,1
823B_As-built,823B-E-RMS3-1320,"Bay 47-48 (11m�)",TT_Task,,"Column from +12.05 to +13.85",24-Aug-2012,30-Aug-2012,6,24-Aug-2012,30-Aug-2012,6,0,0,0.00,01-Oct-2016,01-Oct-2016,30-Jun-2014,30-Jun-2014,1,1
823B_As-built,823B-E-RMS3-1330,"Bay 49-50 (15m�)",TT_Task,,"Column from +12.05 to +13.85",03-Sep-2012,10-Sep-2012,7,03-Sep-2012,10-Sep-2012,7,0,0,0.00,01-Oct-2016,01-Oct-2016,30-Jun-2014,30-Jun-2014,1,1
823B_As-built,823B-E-RMS3-1340,"Bay 29-30 (162m�)",TT_Task,,"Ground Floor Slab and Underground Utilities",09-Jul-2012,21-Jul-2012,12,09-Jul-2012,21-Jul-2012,12,0,0,0.00,01-Oct-2016,01-Oct-2016,30-Jun-2014,30-Jun-2014,1,3
823B_As-built,823B-E-RMS3-1350,"Bay 31-32 (162m�)",TT_Task,,"Ground Floor Slab and Underground Utilities",23-Jul-2012,04-Aug-2012,12,23-Jul-2012,04-Aug-2012,12,0,0,0.00,01-Oct-2016,01-Oct-2016,30-Jun-2014,30-Jun-2014,2,3
823B_As-built,823B-E-RMS3-1360,"Bay 33-34 (162m�)",TT_Task,,"Ground Floor Slab and Underground Utilities",06-Aug-2012,18-Aug-2012,12,06-Aug-2012,18-Aug-2012,12,0,0,0.00,01-Oct-2016,01-Oct-2016,30-Jun-2014,30-Jun-2014,2,3
823B_As-built,823B-E-RMS3-1370,"Bay 35-36 (162m�)",TT_Task,,"Ground Floor Slab and Underground Utilities",20-Aug-2012,01-Sep-2012,12,20-Aug-2012,01-Sep-2012,12,0,0,0.00,01-Oct-2016,01-Oct-2016,30-Jun-2014,30-Jun-2014,2,3
823B_As-built,823B-E-RMS3-1380,"Bay 37-38 (162m�)",TT_Task,,"Ground Floor Slab and Underground Utilities",03-Sep-2012,15-Sep-2012,12,03-Sep-2012,15-Sep-2012,12,0,0,0.00,01-Oct-2016,01-Oct-2016,30-Jun-2014,30-Jun-2014,2,3
823B_As-built,823B-E-RMS3-1390,"Bay 39-40 (162m�)",TT_Task,,"Ground Floor Slab and Underground Utilities",17-Sep-2012,29-Sep-2012,12,17-Sep-2012,29-Sep-2012,12,0,0,0.00,01-Oct-2016,01-Oct-2016,30-Jun-2014,30-Jun-2014,2,3
823B_As-built,823B-E-RMS3-1400,"Bay 41-42 (162m�)",TT_Task,,"Ground Floor Slab and Underground Utilities",03-Oct-2012,16-Oct-2012,13,03-Oct-2012,16-Oct-2012,13,0,0,0.00,01-Oct-2016,01-Oct-2016,30-Jun-2014,30-Jun-2014,2,3
823B_As-built,823B-E-RMS3-1410,"Bay 43-44 (162m�)",TT_Task,,"Ground Floor Slab and Underground Utilities",17-Oct-2012,31-Oct-2012,14,17-Oct-2012,31-Oct-2012,14,0,0,0.00,01-Oct-2016,01-Oct-2016,30-Jun-2014,30-Jun-2014,2,3
823B_As-built,823B-E-RMS3-1420,"Bay 45-46 (162m�)",TT_Task,,"Ground Floor Slab and Underground Utilities",01-Nov-2012,14-Nov-2012,13,01-Nov-2012,14-Nov-2012,13,0,0,0.00,01-Oct-2016,01-Oct-2016,30-Jun-2014,30-Jun-2014,2,3
823B_As-built,823B-E-RMS3-1430,"Bay 47-48 (162m�)",TT_Task,,"Ground Floor Slab and Underground Utilities",15-Nov-2012,28-Nov-2012,13,15-Nov-2012,28-Nov-2012,13,0,0,0.00,01-Oct-2016,01-Oct-2016,30-Jun-2014,30-Jun-2014,2,3
823B_As-built,823B-E-RMS3-1440,"Bay 49-50 (171m�)",TT_Task,,"Ground Floor Slab and Underground Utilities",29-Nov-2012,12-Dec-2012,13,29-Nov-2012,12-Dec-2012,13,0,0,0.00,01-Oct-2016,01-Oct-2016,30-Jun-2014,30-Jun-2014,2,3
823B_As-built,823B-E-RMS-1370,"Bay 1-3 (41m�)",TT_Task,,"Platfrom Slab and Column (Grid A&C)",02-Jan-2013,19-Jan-2013,17,02-May-2013,21-May-2013,19,120,2,11.76,01-Oct-2016,01-Oct-2016,30-Jun-2014,30-Jun-2014,1,4
823B_As-built,823B-E-RMS-1380,"Bay 4-6 (41m�)",TT_Task,,"Platfrom Slab and Column (Grid A&C)",02-Jan-2013,19-Jan-2013,17,02-Apr-2013,02-May-2013,30,90,13,76.47,01-Oct-2016,01-Oct-2016,17-Feb-2017,17-Feb-2017,1,3
823B_As-built,823B-E-RMS-1390,"Bay 7-9 (41m�)",TT_Task,,"Platfrom Slab and Column (Grid A&C)",30-Jan-2013,20-Feb-2013,21,02-Apr-2013,02-May-2013,30,62,9,42.86,01-Oct-2016,01-Oct-2016,17-Feb-2017,17-Feb-2017,2,2
823B_As-built,823B-E-RMS-1400,"Bay 10-12 (41m�)",TT_Task,,"Platfrom Slab and Column (Grid A&C)",30-Jan-2013,20-Feb-2013,21,02-Apr-2013,30-Apr-2013,28,62,7,33.33,01-Oct-2016,01-Oct-2016,17-Feb-2017,17-Feb-2017,1,2
823B_As-built,823B-E-RMS-1410,"Bay 13-15 (41m�)",TT_Task,,"Platfrom Slab and Column (Grid A&C)",30-Jan-2013,20-Feb-2013,21,02-Apr-2013,30-Apr-2013,28,62,7,33.33,01-Oct-2016,01-Oct-2016,17-Feb-2017,17-Feb-2017,1,2
823B_As-built,823B-E-RMS-1420,"Bay 16-18 (41m�)",TT_Task,,"Platfrom Slab and Column (Grid A&C)",30-Jan-2013,20-Feb-2013,21,12-Apr-2013,02-May-2013,20,72,-1,-4.76,01-Oct-2016,01-Oct-2016,17-Feb-2017,17-Feb-2017,1,2
823B_As-built,823B-E-RMS-1430,"Bay 19-21 (41m�)",TT_Task,,"Platfrom Slab and Column (Grid A&C)",02-Mar-2013,20-Mar-2013,18,17-Apr-2013,06-May-2013,19,46,1,5.56,01-Oct-2016,01-Oct-2016,17-Feb-2017,17-Feb-2017,1,2
823B_As-built,823B-E-RMS-1440,"Bay 22-24 (41m�)",TT_Task,,"Platfrom Slab and Column (Grid A&C)",02-Mar-2013,20-Mar-2013,18,19-Apr-2013,08-May-2013,19,48,1,5.56,01-Oct-2016,01-Oct-2016,17-Feb-2017,17-Feb-2017,1,2
823B_As-built,823B-E-RMS-1450,"Bay 25-27 (41m�)",TT_Task,,"Platfrom Slab and Column (Grid A&C)",24-Apr-2013,03-Jul-2013,70,24-Apr-2013,13-May-2013,19,0,-51,-72.86,01-Oct-2016,01-Oct-2016,17-Feb-2017,17-Feb-2017,1,2
823B_As-built,823B-E-RMS-1460,"Bay 28-30 (41m�)",TT_Task,,"Platfrom Slab and Column (Grid A&C)",02-Mar-2013,20-Mar-2013,18,02-Apr-2013,02-May-2013,30,31,12,66.67,01-Oct-2016,01-Oct-2016,17-Feb-2017,17-Feb-2017,1,2
823B_As-built,823B-E-RMS-1470,"Bay 31-33 (41m�)",TT_Task,,"Platfrom Slab and Column (Grid A&C)",03-Apr-2013,22-Apr-2013,19,02-Apr-2013,02-May-2013,30,-1,11,57.89,01-Oct-2016,01-Oct-2016,17-Feb-2017,17-Feb-2017,1,2
823B_As-built,823B-E-RMS-1480,"Bay 34-36 (41m�)",TT_Task,,"Platfrom Slab and Column (Grid A&C)",03-Apr-2013,22-Apr-2013,19,05-Apr-2013,02-May-2013,27,2,8,42.11,01-Oct-2016,01-Oct-2016,17-Feb-2017,17-Feb-2017,1,2
823B_As-built,823B-E-RMS-1490,"Bay 37-39 (41m�)",TT_Task,,"Platfrom Slab and Column (Grid A&C)",03-Apr-2013,22-Apr-2013,19,10-Apr-2013,02-May-2013,22,7,3,15.79,01-Oct-2016,01-Oct-2016,17-Feb-2017,17-Feb-2017,1,2
823B_As-built,823B-E-RMS-1500,"Bay 40-42 (41m�)",TT_Task,,"Platfrom Slab and Column (Grid A&C)",03-Apr-2013,22-Apr-2013,19,12-Apr-2013,30-Apr-2013,18,9,-1,-5.26,01-Oct-2016,01-Oct-2016,17-Feb-2017,17-Feb-2017,1,2
823B_As-built,823B-E-RMS-1510,"Bay 43-45 (41m�)",TT_Task,,"Platfrom Slab and Column (Grid A&C)",03-May-2013,22-May-2013,19,17-Apr-2013,30-Apr-2013,13,-16,-6,-31.58,01-Oct-2016,01-Oct-2016,17-Feb-2017,17-Feb-2017,1,2
823B_As-built,823B-E-RMS-1520,"Bay 46-48 (41m�)",TT_Task,,"Platfrom Slab and Column (Grid A&C)",03-May-2013,22-May-2013,19,17-Apr-2013,30-Apr-2013,13,-16,-6,-31.58,01-Oct-2016,01-Oct-2016,17-Feb-2017,17-Feb-2017,1,2
823B_As-built,823B-E-RMS-1530,"Bay 49-51 (41m�)",TT_Task,,"Platfrom Slab and Column (Grid A&C)",20-Apr-2013,09-May-2013,19,20-Apr-2013,09-May-2013,19,0,0,0.00,01-Oct-2016,01-Oct-2016,17-Feb-2017,17-Feb-2017,1,2
823B_As-built,823B-E-RMS-1540,"Bay 52 (41m�)",TT_Task,,"Platfrom Slab and Column (Grid A&C)",03-May-2013,22-May-2013,19,20-Apr-2013,09-May-2013,19,-13,0,0.00,01-Oct-2016,01-Oct-2016,17-Feb-2017,17-Feb-2017,1,2
823B_As-built,823B-E-RMS-1010,"Bay 1-3 (102m�)",TT_Task,,"Non Load Bearing Wall from +13.85 to Roof Beam",02-Jan-2013,17-Jan-2013,15,02-Apr-2013,31-May-2013,59,90,44,293.33,01-Oct-2016,01-Oct-2016,30-Jun-2014,30-Jun-2014,1,2
823B_As-built,823B-E-RMS-1020,"Bay 4-6 (143m�)",TT_Task,,"Non Load Bearing Wall from +13.85 to Roof Beam",02-Jan-2013,17-Jan-2013,15,15-Apr-2013,31-May-2013,46,103,31,206.67,01-Oct-2016,01-Oct-2016,30-Jun-2014,30-Jun-2014,2,1
823B_As-built,823B-E-RMS-1030,"Bay 7-9 (143m�)",TT_Task,,"Non Load Bearing Wall from +13.85 to Roof Beam",30-Jan-2013,18-Feb-2013,19,18-Mar-2013,30-Mar-2013,12,47,-7,-36.84,01-Oct-2016,01-Oct-2016,30-Jun-2014,30-Jun-2014,3,3
823B_As-built,823B-E-RMS-1040,"Bay 10-12 (143m�)",TT_Task,,"Non Load Bearing Wall from +13.85 to Roof Beam",30-Jan-2013,18-Feb-2013,19,18-Mar-2013,03-May-2013,46,47,27,142.11,01-Oct-2016,01-Oct-2016,30-Jun-2014,30-Jun-2014,2,1
823B_As-built,823B-E-RMS-1050,"Bay 13-15 (143m�)",TT_Task,,"Non Load Bearing Wall from +13.85 to Roof Beam",30-Jan-2013,18-Feb-2013,19,18-Mar-2013,03-May-2013,46,47,27,142.11,01-Oct-2016,01-Oct-2016,30-Jun-2014,30-Jun-2014,2,1
823B_As-built,823B-E-RMS-1060,"Bay 16-18 (143m�)",TT_Task,,"Non Load Bearing Wall from +13.85 to Roof Beam",30-Jan-2013,18-Feb-2013,19,18-Mar-2013,03-May-2013,46,47,27,142.11,01-Oct-2016,01-Oct-2016,30-Jun-2014,30-Jun-2014,2,2
823B_As-built,823B-E-RMS-1070,"Bay 19-21 (143m�)",TT_Task,,"Non Load Bearing Wall from +13.85 to Roof Beam",02-Mar-2013,18-Mar-2013,16,14-Jan-2013,30-Apr-2013,106,-47,90,562.50,01-Oct-2016,01-Oct-2016,17-Feb-2017,17-Feb-2017,2,1
823B_As-built,823B-E-RMS-1080,"Bay 22-24 (143m�)",TT_Task,,"Non Load Bearing Wall from +13.85 to Roof Beam",02-Mar-2013,18-Mar-2013,16,14-Jan-2013,30-Apr-2013,106,-47,90,562.50,01-Oct-2016,01-Oct-2016,17-Feb-2017,17-Feb-2017,2,1
823B_As-built,823B-E-RMS-1090,"Bay 25-27 (143m�)",TT_Task,,"Non Load Bearing Wall from +13.85 to Roof Beam",02-Mar-2013,18-Mar-2013,16,25-Mar-2013,31-May-2013,67,23,51,318.75,01-Oct-2016,01-Oct-2016,17-Feb-2017,17-Feb-2017,2,1
823B_As-built,823B-E-RMS-1100,"Bay 28-30 (143m�)",TT_Task,,"Non Load Bearing Wall from +13.85 to Roof Beam",02-Mar-2013,18-Mar-2013,16,02-Apr-2013,31-May-2013,59,31,43,268.75,01-Oct-2016,01-Oct-2016,17-Feb-2017,17-Feb-2017,2,1
823B_As-built,823B-E-RMS-1110,"Bay 31-33 (143m�)",TT_Task,,"Non Load Bearing Wall from +13.85 to Roof Beam",03-Apr-2013,19-Apr-2013,16,05-Apr-2013,18-Apr-2013,13,2,-3,-18.75,01-Oct-2016,01-Oct-2016,17-Feb-2017,17-Feb-2017,2,1
823B_As-built,823B-E-RMS-1120,"Bay 34-36 (143m�)",TT_Task,,"Non Load Bearing Wall from +13.85 to Roof Beam",03-Apr-2013,19-Apr-2013,16,08-Apr-2013,20-Apr-2013,12,5,-4,-25.00,01-Oct-2016,01-Oct-2016,17-Feb-2017,17-Feb-2017,2,1
823B_As-built,823B-E-RMS-1130,"Bay 37-39 (143m�)",TT_Task,,"Non Load Bearing Wall from +13.85 to Roof Beam",03-Apr-2013,19-Apr-2013,16,18-Mar-2013,04-Apr-2013,17,-16,1,6.25,01-Oct-2016,01-Oct-2016,17-Feb-2017,17-Feb-2017,2,1
823B_As-built,823B-E-RMS-1140,"Bay 40-42 (143m�)",TT_Task,,"Non Load Bearing Wall from +13.85 to Roof Beam",03-Apr-2013,19-Apr-2013,16,20-Mar-2013,03-May-2013,44,-14,28,175.00,01-Oct-2016,01-Oct-2016,17-Feb-2017,17-Feb-2017,2,1
823B_As-built,823B-E-RMS-1150,"Bay 43-45 (143m�)",TT_Task,,"Non Load Bearing Wall from +13.85 to Roof Beam",03-May-2013,20-May-2013,17,18-Mar-2013,08-Apr-2013,21,-46,4,23.53,01-Oct-2016,01-Oct-2016,17-Feb-2017,17-Feb-2017,2,1
823B_As-built,823B-E-RMS-1160,"Bay 46-48 (143m�)",TT_Task,,"Non Load Bearing Wall from +13.85 to Roof Beam",03-May-2013,20-May-2013,17,18-Mar-2013,08-Apr-2013,21,-46,4,23.53,01-Oct-2016,01-Oct-2016,17-Feb-2017,17-Feb-2017,2,1
823B_As-built,823B-E-RMS-1170,"Bay 49-51 (100m�)",TT_Task,,"Non Load Bearing Wall from +13.85 to Roof Beam",03-May-2013,20-May-2013,17,20-Mar-2013,03-May-2013,44,-44,27,158.82,01-Oct-2016,01-Oct-2016,17-Feb-2017,17-Feb-2017,2,1
823B_As-built,823B-E-RMS-1180,"Bay 52 (190m�)",TT_Task,,"Non Load Bearing Wall from +13.85 to Roof Beam",08-May-2013,24-May-2013,16,20-Mar-2013,03-May-2013,44,-49,28,175.00,01-Oct-2016,01-Oct-2016,17-Feb-2017,17-Feb-2017,2,3
823B_As-built,823B-E-RMS-1550,"Bay 1-3 (32m�)",TT_Task,,"Platfrom Slab and Column (Grid B)",02-Jan-2013,15-Jan-2013,13,02-Apr-2013,02-May-2013,30,90,17,130.77,01-Oct-2016,01-Oct-2016,30-Jun-2014,30-Jun-2014,1,4
823B_As-built,823B-E-RMS-1560,"Bay 4-6 (32m�)",TT_Task,,"Platfrom Slab and Column (Grid B)",02-Jan-2013,15-Jan-2013,13,15-Apr-2013,30-Apr-2013,15,103,2,15.38,01-Oct-2016,01-Oct-2016,17-Feb-2017,17-Feb-2017,2,2
823B_As-built,823B-E-RMS-1570,"Bay 7-9 (32m�)",TT_Task,,"Platfrom Slab and Column (Grid B)",30-Jan-2013,15-Feb-2013,16,14-Jan-2013,02-Apr-2013,78,-16,62,387.50,01-Oct-2016,01-Oct-2016,17-Feb-2017,17-Feb-2017,1,2
823B_As-built,823B-E-RMS-1580,"Bay 10-12 (32m�)",TT_Task,,"Platfrom Slab and Column (Grid B)",30-Jan-2013,15-Feb-2013,16,14-Jan-2013,02-Apr-2013,78,-16,62,387.50,01-Oct-2016,01-Oct-2016,17-Feb-2017,17-Feb-2017,2,2
823B_As-built,823B-E-RMS-1590,"Bay 13-15 (32m�)",TT_Task,,"Platfrom Slab and Column (Grid B)",30-Jan-2013,15-Feb-2013,16,28-Jan-2013,02-Apr-2013,64,-2,48,300.00,01-Oct-2016,01-Oct-2016,17-Feb-2017,17-Feb-2017,2,2
823B_As-built,823B-E-RMS-1600,"Bay 16-18 (32m�)",TT_Task,,"Platfrom Slab and Column (Grid B)",30-Jan-2013,15-Feb-2013,16,01-Mar-2013,12-Mar-2013,11,30,-5,-31.25,01-Oct-2016,01-Oct-2016,17-Feb-2017,17-Feb-2017,2,2
823B_As-built,823B-E-RMS-1610,"Bay 19-21 (32m�)",TT_Task,,"Platfrom Slab and Column (Grid B)",02-Mar-2013,15-Mar-2013,13,09-Mar-2013,23-Mar-2013,14,7,1,7.69,01-Oct-2016,01-Oct-2016,17-Feb-2017,17-Feb-2017,1,2
823B_As-built,823B-E-RMS-1620,"Bay 22-24 (32m�)",TT_Task,,"Platfrom Slab and Column (Grid B)",02-Mar-2013,15-Mar-2013,13,09-Mar-2013,23-Mar-2013,14,7,1,7.69,01-Oct-2016,01-Oct-2016,17-Feb-2017,17-Feb-2017,2,2
823B_As-built,823B-E-RMS-1630,"Bay 25-27 (32m�)",TT_Task,,"Platfrom Slab and Column (Grid B)",02-Mar-2013,15-Mar-2013,13,13-Mar-2013,23-Mar-2013,10,11,-3,-23.08,01-Oct-2016,01-Oct-2016,17-Feb-2017,17-Feb-2017,2,2
823B_As-built,823B-E-RMS-1640,"Bay 28-30 (32m�)",TT_Task,,"Platfrom Slab and Column (Grid B)",02-Mar-2013,15-Mar-2013,13,13-Mar-2013,08-Apr-2013,26,11,13,100.00,01-Oct-2016,01-Oct-2016,17-Feb-2017,17-Feb-2017,2,2
823B_As-built,823B-E-RMS-1650,"Bay 31-33 (32m�)",TT_Task,,"Platfrom Slab and Column (Grid B)",03-Apr-2013,17-Apr-2013,14,09-Apr-2013,30-Apr-2013,21,6,7,50.00,01-Oct-2016,01-Oct-2016,17-Feb-2017,17-Feb-2017,1,2
823B_As-built,823B-E-RMS-1660,"Bay 34-36 (32m�)",TT_Task,,"Platfrom Slab and Column (Grid B)",03-Apr-2013,17-Apr-2013,14,18-Mar-2013,30-Apr-2013,43,-16,29,207.14,01-Oct-2016,01-Oct-2016,17-Feb-2017,17-Feb-2017,2,2
823B_As-built,823B-E-RMS-1670,"Bay 37-39 (32m�)",TT_Task,,"Platfrom Slab and Column (Grid B)",03-Apr-2013,17-Apr-2013,14,04-Mar-2013,23-Mar-2013,19,-30,5,35.71,01-Oct-2016,01-Oct-2016,17-Feb-2017,17-Feb-2017,2,2
823B_As-built,823B-E-RMS-1680,"Bay 40-42 (32m�)",TT_Task,,"Platfrom Slab and Column (Grid B)",03-Apr-2013,17-Apr-2013,14,04-Mar-2013,02-Apr-2013,29,-30,15,107.14,01-Oct-2016,01-Oct-2016,17-Feb-2017,17-Feb-2017,2,2
823B_As-built,823B-E-RMS-1690,"Bay 43-45 (32m�)",TT_Task,,"Platfrom Slab and Column (Grid B)",03-May-2013,16-May-2013,13,02-Apr-2013,16-Apr-2013,14,-31,1,7.69,01-Oct-2016,01-Oct-2016,17-Feb-2017,17-Feb-2017,1,2
823B_As-built,823B-E-RMS-1700,"Bay 46-48 (32m�)",TT_Task,,"Platfrom Slab and Column (Grid B)",03-May-2013,16-May-2013,13,14-Jan-2013,16-Apr-2013,92,-109,79,607.69,01-Oct-2016,01-Oct-2016,17-Feb-2017,17-Feb-2017,2,2
823B_As-built,823B-E-RMS-1710,"Bay 49-51 (32m�)",TT_Task,,"Platfrom Slab and Column (Grid B)",03-May-2013,16-May-2013,13,02-Apr-2013,02-May-2013,30,-31,17,130.77,01-Oct-2016,01-Oct-2016,17-Feb-2017,17-Feb-2017,2,2
823B_As-built,823B-E-RMS-1720,"Bay 52 (32m�)",TT_Task,,"Platfrom Slab and Column (Grid B)",03-May-2013,16-May-2013,13,02-Apr-2013,02-May-2013,30,-31,17,130.77,01-Oct-2016,01-Oct-2016,17-Feb-2017,17-Feb-2017,2,2
823B_As-built,823B-E-RMS1-1080,"Bay 1-2 (118m�)",TT_Task,,"Footing Construction",14-Jan-2012,28-Jan-2012,14,14-Jan-2012,28-Jan-2012,14,0,0,0.00,01-Oct-2016,01-Oct-2016,30-Jun-2014,30-Jun-2014,1,3
823B_As-built,823B-E-RMS1-1090,"Bay 3-4 (155m�)",TT_Task,,"Footing Construction",20-Jan-2012,03-Feb-2012,14,20-Jan-2012,03-Feb-2012,14,0,0,0.00,01-Oct-2016,01-Oct-2016,30-Jun-2014,30-Jun-2014,1,3
823B_As-built,823B-E-RMS1-1100,"Bay 5-6 (155m�)",TT_Task,,"Footing Construction",30-Jan-2012,09-Feb-2012,10,30-Jan-2012,09-Feb-2012,10,0,0,0.00,01-Oct-2016,01-Oct-2016,30-Jun-2014,30-Jun-2014,1,2
823B_As-built,823B-E-RMS1-1110,"Bay 7-8 (155m�)",TT_Task,,"Footing Construction",04-Feb-2012,15-Feb-2012,11,04-Feb-2012,15-Feb-2012,11,0,0,0.00,01-Oct-2016,01-Oct-2016,30-Jun-2014,30-Jun-2014,1,2
823B_As-built,823B-E-RMS1-1120,"Bay 9-10 (155m�)",TT_Task,,"Footing Construction",10-Feb-2012,21-Feb-2012,11,10-Feb-2012,21-Feb-2012,11,0,0,0.00,01-Oct-2016,01-Oct-2016,30-Jun-2014,30-Jun-2014,1,2
823B_As-built,823B-E-RMS1-1130,"Bay 11-12 (155m�)",TT_Task,,"Footing Construction",16-Feb-2012,27-Feb-2012,11,16-Feb-2012,27-Feb-2012,11,0,0,0.00,01-Oct-2016,01-Oct-2016,30-Jun-2014,30-Jun-2014,1,2
823B_As-built,823B-E-RMS1-1140,"Bay 13-14 (155m�)",TT_Task,,"Footing Construction",22-Feb-2012,03-Mar-2012,10,22-Feb-2012,03-Mar-2012,10,0,0,0.00,01-Oct-2016,01-Oct-2016,30-Jun-2014,30-Jun-2014,1,2
823B_As-built,823B-E-RMS1-1150,"Bay 1-2 (6m�)",TT_Task,,"Column from +12.05 to +13.85",30-Jan-2012,04-Feb-2012,5,30-Jan-2012,04-Feb-2012,5,0,0,0.00,01-Oct-2016,01-Oct-2016,30-Jun-2014,30-Jun-2014,1,1
823B_As-built,823B-E-RMS1-1160,"Bay 3-4 (11m�)",TT_Task,,"Column from +12.05 to +13.85",04-Feb-2012,10-Feb-2012,6,04-Feb-2012,10-Feb-2012,6,0,0,0.00,01-Oct-2016,01-Oct-2016,30-Jun-2014,30-Jun-2014,1,1
823B_As-built,823B-E-RMS1-1170,"Bay 5-6 (11m�)",TT_Task,,"Column from +12.05 to +13.85",10-Feb-2012,16-Feb-2012,6,10-Feb-2012,16-Feb-2012,6,0,0,0.00,01-Oct-2016,01-Oct-2016,30-Jun-2014,30-Jun-2014,1,1
823B_As-built,823B-E-RMS1-1180,"Bay 7-8 (11m�)",TT_Task,,"Column from +12.05 to +13.85",16-Feb-2012,22-Feb-2012,6,16-Feb-2012,22-Feb-2012,6,0,0,0.00,01-Oct-2016,01-Oct-2016,30-Jun-2014,30-Jun-2014,1,1
823B_As-built,823B-E-RMS1-1190,"Bay 9-10 (11m�)",TT_Task,,"Column from +12.05 to +13.85",22-Feb-2012,28-Feb-2012,6,22-Feb-2012,28-Feb-2012,6,0,0,0.00,01-Oct-2016,01-Oct-2016,30-Jun-2014,30-Jun-2014,1,1
823B_As-built,823B-E-RMS1-1200,"Bay 11-12 (11m�)",TT_Task,,"Column from +12.05 to +13.85",28-Feb-2012,05-Mar-2012,6,28-Feb-2012,05-Mar-2012,6,0,0,0.00,01-Oct-2016,01-Oct-2016,30-Jun-2014,30-Jun-2014,1,1
823B_As-built,823B-E-RMS1-1210,"Bay 13-14 (11m�)",TT_Task,,"Column from +12.05 to +13.85",05-Mar-2012,10-Mar-2012,5,05-Mar-2012,10-Mar-2012,5,0,0,0.00,01-Oct-2016,01-Oct-2016,30-Jun-2014,30-Jun-2014,1,1
823B_As-built,823B-E-RMS1-1290,"Bay 1-2 (28m�)",TT_Task,,"Column from +13.85 to Roof Soffit",15-Jun-2012,21-Jun-2012,6,15-Jun-2012,21-Jun-2012,6,0,0,0.00,01-Oct-2016,01-Oct-2016,30-Jun-2014,30-Jun-2014,1,2
823B_As-built,823B-E-RMS1-1300,"Bay 3-4 (55m�)",TT_Task,,"Column from +13.85 to Roof Soffit",30-Jun-2012,07-Jul-2012,7,30-Jun-2012,07-Jul-2012,7,0,0,0.00,01-Oct-2016,01-Oct-2016,30-Jun-2014,30-Jun-2014,2,3
823B_As-built,823B-E-RMS1-1310,"Bay 5-6 (55m�)",TT_Task,,"Column from +13.85 to Roof Soffit",16-Jul-2012,21-Jul-2012,5,16-Jul-2012,21-Jul-2012,5,0,0,0.00,01-Oct-2016,01-Oct-2016,30-Jun-2014,30-Jun-2014,2,2
823B_As-built,823B-E-RMS1-1320,"Bay 7-8 (55m�)",TT_Task,,"Column from +13.85 to Roof Soffit",30-Jul-2012,04-Aug-2012,5,30-Jul-2012,04-Aug-2012,5,0,0,0.00,01-Oct-2016,01-Oct-2016,30-Jun-2014,30-Jun-2014,2,2
823B_As-built,823B-E-RMS1-1330,"Bay 9-10 (55m�)",TT_Task,,"Column from +13.85 to Roof Soffit",13-Aug-2012,18-Aug-2012,5,13-Aug-2012,18-Aug-2012,5,0,0,0.00,01-Oct-2016,01-Oct-2016,30-Jun-2014,30-Jun-2014,2,3
823B_As-built,823B-E-RMS1-1340,"Bay 11-12 (55m�)",TT_Task,,"Column from +13.85 to Roof Soffit",27-Aug-2012,01-Sep-2012,5,27-Aug-2012,01-Sep-2012,5,0,0,0.00,01-Oct-2016,01-Oct-2016,30-Jun-2014,30-Jun-2014,2,2
823B_As-built,823B-E-RMS1-1350,"Bay 13-14 (55m�)",TT_Task,,"Column from +13.85 to Roof Soffit",10-Sep-2012,15-Sep-2012,5,10-Sep-2012,15-Sep-2012,5,0,0,0.00,01-Oct-2016,01-Oct-2016,30-Jun-2014,30-Jun-2014,2,1
823B_As-built,823B-E-RMS1-1010,"Bay 1-2 (348m�)",TT_Task,,"Footing Excavation",09-Jan-2012,13-Jan-2012,4,09-Jan-2012,13-Jan-2012,4,0,0,0.00,01-Oct-2016,01-Oct-2016,30-Jun-2014,30-Jun-2014,1,3
823B_As-built,823B-E-RMS1-1020,"Bay 3-4 (348m�)",TT_Task,,"Footing Excavation",14-Jan-2012,19-Jan-2012,5,14-Jan-2012,19-Jan-2012,5,0,0,0.00,01-Oct-2016,01-Oct-2016,30-Jun-2014,30-Jun-2014,1,3
823B_As-built,823B-E-RMS1-1030,"Bay 5-6 (348m�)",TT_Task,,"Footing Excavation",20-Jan-2012,28-Jan-2012,8,20-Jan-2012,28-Jan-2012,8,0,0,0.00,01-Oct-2016,01-Oct-2016,30-Jun-2014,30-Jun-2014,1,3
823B_As-built,823B-E-RMS1-1040,"Bay 7-8 (348m�)",TT_Task,,"Footing Excavation",30-Jan-2012,03-Feb-2012,4,30-Jan-2012,03-Feb-2012,4,0,0,0.00,01-Oct-2016,01-Oct-2016,30-Jun-2014,30-Jun-2014,1,3
823B_As-built,823B-E-RMS1-1050,"Bay 9-10 (348m�)",TT_Task,,"Footing Excavation",04-Feb-2012,09-Feb-2012,5,04-Feb-2012,09-Feb-2012,5,0,0,0.00,01-Oct-2016,01-Oct-2016,30-Jun-2014,30-Jun-2014,1,3
823B_As-built,823B-E-RMS1-1060,"Bay 11-12 (348m�)",TT_Task,,"Footing Excavation",10-Feb-2012,15-Feb-2012,5,10-Feb-2012,15-Feb-2012,5,0,0,0.00,01-Oct-2016,01-Oct-2016,30-Jun-2014,30-Jun-2014,1,3
823B_As-built,823B-E-RMS1-1070,"Bay 13-14 (348m�)",TT_Task,,"Footing Excavation",16-Feb-2012,21-Feb-2012,5,16-Feb-2012,21-Feb-2012,5,0,0,0.00,01-Oct-2016,01-Oct-2016,30-Jun-2014,30-Jun-2014,1,2
823B_As-built,823B-E-RMS1-1220,"Bay 1-2 (162m�)",TT_Task,,"Ground Floor Slab and Underground Utilities",01-Jun-2012,14-Jun-2012,13,01-Jun-2012,14-Jun-2012,13,0,0,0.00,01-Oct-2016,01-Oct-2016,30-Jun-2014,30-Jun-2014,1,3
823B_As-built,823B-E-RMS1-1230,"Bay 3-4 (162m�)",TT_Task,,"Ground Floor Slab and Underground Utilities",15-Jun-2012,29-Jun-2012,14,15-Jun-2012,29-Jun-2012,14,0,0,0.00,01-Oct-2016,01-Oct-2016,30-Jun-2014,30-Jun-2014,2,3
823B_As-built,823B-E-RMS1-1240,"Bay 5-6 (162m�)",TT_Task,,"Ground Floor Slab and Underground Utilities",30-Jun-2012,14-Jul-2012,14,30-Jun-2012,14-Jul-2012,14,0,0,0.00,01-Oct-2016,01-Oct-2016,30-Jun-2014,30-Jun-2014,2,3
823B_As-built,823B-E-RMS1-1250,"Bay 7-8 (162m�)",TT_Task,,"Ground Floor Slab and Underground Utilities",16-Jul-2012,28-Jul-2012,12,16-Jul-2012,28-Jul-2012,12,0,0,0.00,01-Oct-2016,01-Oct-2016,30-Jun-2014,30-Jun-2014,2,3
823B_As-built,823B-E-RMS1-1260,"Bay 9-10 (162m�)",TT_Task,,"Ground Floor Slab and Underground Utilities",30-Jul-2012,11-Aug-2012,12,30-Jul-2012,11-Aug-2012,12,0,0,0.00,01-Oct-2016,01-Oct-2016,30-Jun-2014,30-Jun-2014,2,3
823B_As-built,823B-E-RMS1-1270,"Bay 11-12 (162m�)",TT_Task,,"Ground Floor Slab and Underground Utilities",13-Aug-2012,25-Aug-2012,12,13-Aug-2012,25-Aug-2012,12,0,0,0.00,01-Oct-2016,01-Oct-2016,30-Jun-2014,30-Jun-2014,2,3
823B_As-built,823B-E-RMS1-1280,"Bay 13-14 (162m�)",TT_Task,,"Ground Floor Slab and Underground Utilities",27-Aug-2012,08-Sep-2012,12,27-Aug-2012,08-Sep-2012,12,0,0,0.00,01-Oct-2016,01-Oct-2016,30-Jun-2014,30-Jun-2014,2,2
823B_As-built,823B-E-RMS2-1080,"Bay 15-16 (155m�)",TT_Task,,"Footing Construction",08-May-2012,18-May-2012,10,08-May-2012,18-May-2012,10,0,0,0.00,01-Oct-2016,01-Oct-2016,30-Jun-2014,30-Jun-2014,1,3
823B_As-built,823B-E-RMS2-1090,"Bay 17-18 (155m�)",TT_Task,,"Footing Construction",14-May-2012,24-May-2012,10,14-May-2012,24-May-2012,10,0,0,0.00,01-Oct-2016,01-Oct-2016,30-Jun-2014,30-Jun-2014,1,3
823B_As-built,823B-E-RMS2-1100,"Bay 19-20 (155m�)",TT_Task,,"Footing Construction",19-May-2012,31-May-2012,12,19-May-2012,31-May-2012,12,0,0,0.00,01-Oct-2016,01-Oct-2016,17-Feb-2017,17-Feb-2017,1,3
823B_As-built,823B-E-RMS2-1110,"Bay 21-22 (155m�)",TT_Task,,"Footing Construction",24-May-2012,06-Jun-2012,13,24-May-2012,06-Jun-2012,13,0,0,0.00,01-Oct-2016,01-Oct-2016,17-Feb-2017,17-Feb-2017,1,3
823B_As-built,823B-E-RMS2-1120,"Bay 23-24 (155m�)",TT_Task,,"Footing Construction",31-May-2012,11-Jun-2012,11,31-May-2012,11-Jun-2012,11,0,0,0.00,01-Oct-2016,01-Oct-2016,17-Feb-2017,17-Feb-2017,1,3
823B_As-built,823B-E-RMS2-1130,"Bay 25-26 (155m�)",TT_Task,,"Footing Construction",07-Jun-2012,18-Jun-2012,11,07-Jun-2012,18-Jun-2012,11,0,0,0.00,01-Oct-2016,01-Oct-2016,17-Feb-2017,17-Feb-2017,1,3
823B_As-built,823B-E-RMS2-1140,"Bay 27-28 (155m�)",TT_Task,,"Footing Construction",14-Jun-2012,26-Jun-2012,12,14-Jun-2012,26-Jun-2012,12,0,0,0.00,01-Oct-2016,01-Oct-2016,17-Feb-2017,17-Feb-2017,1,3
823B_As-built,823B-E-RMS2-1290,"Bay 15-16 (55m�)",TT_Task,,"Column from +13.85 to Roof Soffit",09-Jun-2012,15-Jun-2012,6,09-Jun-2012,15-Jun-2012,6,0,0,0.00,01-Oct-2016,01-Oct-2016,30-Jun-2014,30-Jun-2014,1,2
823B_As-built,823B-E-RMS2-1300,"Bay 17-18 (55m�)",TT_Task,,"Column from +13.85 to Roof Soffit",25-Jun-2012,30-Jun-2012,5,25-Jun-2012,30-Jun-2012,5,0,0,0.00,01-Oct-2016,01-Oct-2016,30-Jun-2014,30-Jun-2014,1,1
823B_As-built,823B-E-RMS2-1310,"Bay 19-20 (55m�)",TT_Task,,"Column from +13.85 to Roof Soffit",09-Jul-2012,14-Jul-2012,5,09-Jul-2012,14-Jul-2012,5,0,0,0.00,01-Oct-2016,01-Oct-2016,17-Feb-2017,17-Feb-2017,1,1
823B_As-built,823B-E-RMS2-1320,"Bay 21-22 (55m�)",TT_Task,,"Column from +13.85 to Roof Soffit",23-Jul-2012,28-Jul-2012,5,23-Jul-2012,28-Jul-2012,5,0,0,0.00,01-Oct-2016,01-Oct-2016,17-Feb-2017,17-Feb-2017,1,2
823B_As-built,823B-E-RMS2-1330,"Bay 23-24 (55m�)",TT_Task,,"Column from +13.85 to Roof Soffit",06-Aug-2012,11-Aug-2012,5,06-Aug-2012,11-Aug-2012,5,0,0,0.00,01-Oct-2016,01-Oct-2016,17-Feb-2017,17-Feb-2017,1,1
823B_As-built,823B-E-RMS2-1340,"Bay 25-26 (55m�)",TT_Task,,"Column from +13.85 to Roof Soffit",20-Aug-2012,25-Aug-2012,5,20-Aug-2012,25-Aug-2012,5,0,0,0.00,01-Oct-2016,01-Oct-2016,17-Feb-2017,17-Feb-2017,1,1
823B_As-built,823B-E-RMS2-1350,"Bay 27-28 (55m�)",TT_Task,,"Column from +13.85 to Roof Soffit",03-Sep-2012,08-Sep-2012,5,03-Sep-2012,08-Sep-2012,5,0,0,0.00,01-Oct-2016,01-Oct-2016,17-Feb-2017,17-Feb-2017,1,2
823B_As-built,823B-E-RMS2-1220,"Bay 15-16 (162m�)",TT_Task,,"Ground Floor Slab and Underground Utilities",26-May-2012,08-Jun-2012,13,26-May-2012,08-Jun-2012,13,0,0,0.00,01-Oct-2016,01-Oct-2016,30-Jun-2014,30-Jun-2014,1,3
823B_As-built,823B-E-RMS2-1230,"Bay 17-18 (162m�)",TT_Task,,"Ground Floor Slab and Underground Utilities",09-Jun-2012,22-Jun-2012,13,09-Jun-2012,22-Jun-2012,13,0,0,0.00,01-Oct-2016,01-Oct-2016,30-Jun-2014,30-Jun-2014,2,3
823B_As-built,823B-E-RMS2-1240,"Bay 19-20 (162m�)",TT_Task,,"Ground Floor Slab and Underground Utilities",25-Jun-2012,07-Jul-2012,12,25-Jun-2012,07-Jul-2012,12,0,0,0.00,01-Oct-2016,01-Oct-2016,17-Feb-2017,17-Feb-2017,2,3
823B_As-built,823B-E-RMS2-1250,"Bay 21-22 (162m�)",TT_Task,,"Ground Floor Slab and Underground Utilities",09-Jul-2012,21-Jul-2012,12,09-Jul-2012,21-Jul-2012,12,0,0,0.00,01-Oct-2016,01-Oct-2016,17-Feb-2017,17-Feb-2017,2,3
823B_As-built,823B-E-RMS2-1260,"Bay 23-24 (162m�)",TT_Task,,"Ground Floor Slab and Underground Utilities",23-Jul-2012,04-Aug-2012,12,23-Jul-2012,04-Aug-2012,12,0,0,0.00,01-Oct-2016,01-Oct-2016,17-Feb-2017,17-Feb-2017,2,3
823B_As-built,823B-E-RMS2-1270,"Bay 25-26 (162m�)",TT_Task,,"Ground Floor Slab and Underground Utilities",06-Aug-2012,18-Aug-2012,12,06-Aug-2012,18-Aug-2012,12,0,0,0.00,01-Oct-2016,01-Oct-2016,17-Feb-2017,17-Feb-2017,2,3
823B_As-built,823B-E-RMS2-1280,"Bay 27-28 (162m�)",TT_Task,,"Ground Floor Slab and Underground Utilities",20-Aug-2012,01-Sep-2012,12,20-Aug-2012,01-Sep-2012,12,0,0,0.00,01-Oct-2016,01-Oct-2016,17-Feb-2017,17-Feb-2017,2,2
823B_As-built,823B-E-RMS2-1010,"Bay 15-16 (348m�)",TT_Task,,"Footing Excavation",02-May-2012,07-May-2012,5,02-May-2012,07-May-2012,5,0,0,0.00,01-Oct-2016,01-Oct-2016,30-Jun-2014,30-Jun-2014,1,2
823B_As-built,823B-E-RMS2-1020,"Bay 17-18 (348m�)",TT_Task,,"Footing Excavation",08-May-2012,12-May-2012,4,08-May-2012,12-May-2012,4,0,0,0.00,01-Oct-2016,01-Oct-2016,30-Jun-2014,30-Jun-2014,1,2
823B_As-built,823B-E-RMS2-1030,"Bay 19-20 (348m�)",TT_Task,,"Footing Excavation",14-May-2012,18-May-2012,4,14-May-2012,18-May-2012,4,0,0,0.00,01-Oct-2016,01-Oct-2016,17-Feb-2017,17-Feb-2017,1,2
823B_As-built,823B-E-RMS2-1040,"Bay 21-22 (348m�)",TT_Task,,"Footing Excavation",19-May-2012,24-May-2012,5,19-May-2012,24-May-2012,5,0,0,0.00,01-Oct-2016,01-Oct-2016,17-Feb-2017,17-Feb-2017,1,2
823B_As-built,823B-E-RMS2-1050,"Bay 23-24 (348m�)",TT_Task,,"Footing Excavation",25-May-2012,31-May-2012,6,25-May-2012,31-May-2012,6,0,0,0.00,01-Oct-2016,01-Oct-2016,17-Feb-2017,17-Feb-2017,1,2
823B_As-built,823B-E-RMS2-1060,"Bay 25-26 (348m�)",TT_Task,,"Footing Excavation",01-Jun-2012,06-Jun-2012,5,01-Jun-2012,06-Jun-2012,5,0,0,0.00,01-Oct-2016,01-Oct-2016,17-Feb-2017,17-Feb-2017,1,2
823B_As-built,823B-E-RMS2-1070,"Bay 27-28 (348m�)",TT_Task,,"Footing Excavation",07-Jun-2012,13-Jun-2012,6,07-Jun-2012,13-Jun-2012,6,0,0,0.00,01-Oct-2016,01-Oct-2016,17-Feb-2017,17-Feb-2017,1,1
823B_As-built,823B-E-RMS2-1150,"Bay 15-16 (11m�)",TT_Task,,"Column from +12.05 to +13.85",19-May-2012,25-May-2012,6,19-May-2012,25-May-2012,6,0,0,0.00,01-Oct-2016,01-Oct-2016,30-Jun-2014,30-Jun-2014,1,1
823B_As-built,823B-E-RMS2-1160,"Bay 17-18 (11m�)",TT_Task,,"Column from +12.05 to +13.85",25-May-2012,01-Jun-2012,7,25-May-2012,01-Jun-2012,7,0,0,0.00,01-Oct-2016,01-Oct-2016,30-Jun-2014,30-Jun-2014,1,1
823B_As-built,823B-E-RMS2-1170,"Bay 19-20 (11m�)",TT_Task,,"Column from +12.05 to +13.85",31-May-2012,06-Jun-2012,6,31-May-2012,06-Jun-2012,6,0,0,0.00,01-Oct-2016,01-Oct-2016,17-Feb-2017,17-Feb-2017,1,1
823B_As-built,823B-E-RMS2-1180,"Bay 21-22 (11m�)",TT_Task,,"Column from +12.05 to +13.85",07-Jun-2012,13-Jun-2012,6,07-Jun-2012,13-Jun-2012,6,0,0,0.00,01-Oct-2016,01-Oct-2016,17-Feb-2017,17-Feb-2017,1,1
823B_As-built,823B-E-RMS2-1190,"Bay 23-24 (11m�)",TT_Task,,"Column from +12.05 to +13.85",12-Jun-2012,18-Jun-2012,6,12-Jun-2012,18-Jun-2012,6,0,0,0.00,01-Oct-2016,01-Oct-2016,17-Feb-2017,17-Feb-2017,1,1
823B_As-built,823B-E-RMS2-1200,"Bay 25-26 (11m�)",TT_Task,,"Column from +12.05 to +13.85",19-Jun-2012,26-Jun-2012,7,19-Jun-2012,26-Jun-2012,7,0,0,0.00,01-Oct-2016,01-Oct-2016,17-Feb-2017,17-Feb-2017,1,1
823B_As-built,823B-E-RMS2-1210,"Bay 27-28 (11m�)",TT_Task,,"Column from +12.05 to +13.85",27-Jun-2012,04-Jul-2012,7,27-Jun-2012,04-Jul-2012,7,0,0,0.00,01-Oct-2016,01-Oct-2016,17-Feb-2017,17-Feb-2017,1,1
823B_As-built,823B-E-RMS-1190,"Bay 1-3 (315m�)",TT_Task,,"Roof Slab and Beams",01-Dec-2012,31-Dec-2012,30,28-Jan-2013,28-Feb-2013,31,58,1,3.33,01-Oct-2016,01-Oct-2016,30-Jun-2014,30-Jun-2014,2,9
823B_As-built,823B-E-RMS-1200,"Bay 4-6 (311m�)",TT_Task,,"Roof Slab and Beams",01-Dec-2012,31-Dec-2012,30,14-Jan-2013,28-Feb-2013,45,44,15,50.00,01-Oct-2016,01-Oct-2016,30-Jun-2014,30-Jun-2014,3,6
823B_As-built,823B-E-RMS-1210,"Bay 7-9 (311m�)",TT_Task,,"Roof Slab and Beams",02-Jan-2013,29-Jan-2013,27,29-Oct-2012,02-Feb-2013,96,-65,69,255.56,01-Oct-2016,01-Oct-2016,30-Jun-2014,30-Jun-2014,3,7
823B_As-built,823B-E-RMS-1220,"Bay 10-12 (311m�)",TT_Task,,"Roof Slab and Beams",02-Jan-2013,29-Jan-2013,27,29-Oct-2012,28-Dec-2012,60,-65,33,122.22,01-Oct-2016,01-Oct-2016,30-Jun-2014,30-Jun-2014,3,6
823B_As-built,823B-E-RMS-1230,"Bay 13-15 (311m�)",TT_Task,,"Roof Slab and Beams",02-Jan-2013,29-Jan-2013,27,27-Nov-2012,12-Jan-2013,46,-36,19,70.37,01-Oct-2016,01-Oct-2016,30-Jun-2014,30-Jun-2014,3,6
823B_As-built,823B-E-RMS-1240,"Bay 16-18 (311m�)",TT_Task,,"Roof Slab and Beams",02-Jan-2013,29-Jan-2013,27,03-Dec-2012,19-Jan-2013,47,-30,20,74.07,01-Oct-2016,01-Oct-2016,30-Jun-2014,30-Jun-2014,3,6
823B_As-built,823B-E-RMS-1250,"Bay 19-21 (311m�)",TT_Task,,"Roof Slab and Beams",30-Jan-2013,01-Mar-2013,30,17-Sep-2012,02-Feb-2013,138,-135,108,360.00,01-Oct-2016,01-Oct-2016,17-Feb-2017,17-Feb-2017,3,7
823B_As-built,823B-E-RMS-1260,"Bay 22-24 (311m�)",TT_Task,,"Roof Slab and Beams",30-Jan-2013,01-Mar-2013,30,24-Sep-2012,28-Feb-2013,157,-128,127,423.33,01-Oct-2016,01-Oct-2016,17-Feb-2017,17-Feb-2017,3,6
823B_As-built,823B-E-RMS-1270,"Bay 25-27 (311m�)",TT_Task,,"Roof Slab and Beams",30-Jan-2013,01-Mar-2013,30,04-Feb-2013,04-Mar-2013,28,5,-2,-6.67,01-Oct-2016,01-Oct-2016,17-Feb-2017,17-Feb-2017,3,6
823B_As-built,823B-E-RMS-1280,"Bay 28-30 (311m�)",TT_Task,,"Roof Slab and Beams",30-Jan-2013,01-Mar-2013,30,25-Feb-2013,04-Mar-2013,7,26,-23,-76.67,01-Oct-2016,01-Oct-2016,17-Feb-2017,17-Feb-2017,3,5
823B_As-built,823B-E-RMS-1290,"Bay 31-33 (311m�)",TT_Task,,"Roof Slab and Beams",02-Mar-2013,02-Apr-2013,31,25-Feb-2013,16-Mar-2013,19,-5,-12,-38.71,01-Oct-2016,01-Oct-2016,17-Feb-2017,17-Feb-2017,3,6
823B_As-built,823B-E-RMS-1300,"Bay 34-36 (311m�)",TT_Task,,"Roof Slab and Beams",02-Mar-2013,02-Apr-2013,31,14-Jan-2013,16-Mar-2013,61,-47,30,96.77,01-Oct-2016,01-Oct-2016,17-Feb-2017,17-Feb-2017,3,5
823B_As-built,823B-E-RMS-1310,"Bay 37-39 (311m�)",TT_Task,,"Roof Slab and Beams",02-Mar-2013,02-Apr-2013,31,17-Dec-2012,26-Jan-2013,40,-75,9,29.03,01-Oct-2016,01-Oct-2016,17-Feb-2017,17-Feb-2017,3,5
823B_As-built,823B-E-RMS-1320,"Bay 40-42 (311m�)",TT_Task,,"Roof Slab and Beams",02-Mar-2013,02-Apr-2013,31,17-Dec-2012,29-Dec-2012,12,-75,-19,-61.29,01-Oct-2016,01-Oct-2016,17-Feb-2017,17-Feb-2017,3,5
823B_As-built,823B-E-RMS-1330,"Bay 43-45 (311m�)",TT_Task,,"Roof Slab and Beams",03-Apr-2013,02-May-2013,29,26-Nov-2012,27-Dec-2012,31,-128,2,6.90,01-Oct-2016,01-Oct-2016,17-Feb-2017,17-Feb-2017,3,6
823B_As-built,823B-E-RMS-1340,"Bay 46-48 (311m�)",TT_Task,,"Roof Slab and Beams",03-Apr-2013,02-May-2013,29,19-Nov-2012,24-Dec-2012,35,-135,6,20.69,01-Oct-2016,01-Oct-2016,17-Feb-2017,17-Feb-2017,3,5
823B_As-built,823B-E-RMS-1350,"Bay 49-51 (311m�)",TT_Task,,"Roof Slab and Beams",03-Apr-2013,02-May-2013,29,31-Dec-2012,12-Jan-2013,12,-93,-17,-58.62,01-Oct-2016,01-Oct-2016,17-Feb-2017,17-Feb-2017,2,5
823B_As-built,823B-E-RMS-1360,"Bay 52 (103m�)",TT_Task,,"Roof Slab and Beams",03-Apr-2013,07-May-2013,34,31-Dec-2012,12-Jan-2013,12,-93,-22,-64.71,01-Oct-2016,01-Oct-2016,17-Feb-2017,17-Feb-2017,1,5
